524.1 147127 146905 146908 146908 146905 146908 146905
524.199 147535 146904 146908 146908 146904 146908 -
524.299 147731 146904 146908 146908 146904 146908 -
524.398 147044 146904 146908 146908 146904 146908 -
524.498 147297 146904 146908 146908 146904 146908 -
524.597 147425 146904 146908 146908 146904 146908 -
524.697 146856 146904 146908 146908 146904 146908 -
524.796 147378 146904 146908 146908 146904 146908 -
524.896 146754 146904 146908 146908 146904 146908 -
524.995 147335 146904 146908 146908 146904 146908 -
525.095 147157 146904 146908 146908 146904 146908 -
525.194 147140 146904 146908 146908 146904 146908 -
525.294 146662 146904 146908 146908 146904 146908 -
525.393 146867 146904 146908 146908 146904 146908 -
525.493 146992 146904 146908 146908 146904 146908 -
525.592 147620 146904 146908 146908 146904 146908 -
525.692 147473 146904 146908 146908 146904 146908 -
525.791 147036 146903 146908 146908 146903 146908 -
525.891 147155 146903 146908 146908 146903 146908 -
525.99 146821 146903 146908 146908 146903 146908 -
526.09 147209 146903 146908 146908 146903 146908 -
526.189 147151 146903 146908 146908 146903 146908 -
526.289 146372 146903 146908 146908 146903 146908 -
526.388 146346 146903 146908 146908 146903 146908 -
526.488 146672 146904 146908 146907 146903 146907 -
526.587 146900 146904 146909 146907 146903 146907 -
526.687 146744 146905 146909 146907 146903 146907 -
526.786 146804 146906 146911 146907 146903 146907 -
526.886 146657 146908 146913 146907 146903 146907 -
526.985 146292 146911 146916 146907 146902 146907 -
527.085 147493 146915 146920 146907 146902 146907 -
527.184 146939 146922 146927 146908 146902 146907 -
527.284 146970 146933 146938 146908 146902 146908 -
527.383 146860 146948 146953 146908 146902 146908 -
527.483 147126 146970 146975 146908 146902 146908 -
527.582 146788 147001 147007 146908 146903 146908 -
527.682 146945 147045 147050 146909 146903 146909 -
527.781 146876 147106 147111 146910 146904 146910 -
527.881 147323 147189 147194 146912 146905 146911 -
527.98 147847 147300 147304 146914 146906 146912 -
528.08 147836 147446 147450 146917 146908 146914 -
528.179 147036 147638 147641 146921 146911 146917 -
528.279 147899 147883 147884 146927 146915 146921 -
528.378 147971 148193 148192 146935 146920 146927 -
528.478 148068 148579 148574 146946 146927 146934 -
528.577 148481 149052 149042 146961 146936 146943 -
528.677 149804 149623 149605 146980 146947 146955 -
528.776 150472 150301 150271 147007 146962 146969 -
528.876 151233 151094 151048 147042 146980 146988 -
528.975 152243 152005 151937 147087 147003 147011 -
529.075 153234 153036 152937 147146 147030 147039 -
529.174 153914 154182 154041 147221 147063 147072 -
529.274 155612 155434 155238 147317 147102 147112 -
529.373 156551 156778 156508 147438 147148 147158 -
529.473 158320 158196 157828 147589 147201 147212 -
529.572 159603 159662 159169 147776 147262 147273 -
529.672 161381 161150 160496 148006 147330 147342 -
529.771 163346 162629 161772 148287 147407 147419 -
529.871 164359 164070 162959 148627 147491 147503 -
529.97 165639 165444 164019 149034 147582 147595 -
530.07 166711 166725 164917 149517 147681 147695 -
530.169 167778 167892 165622 150086 147786 147801 -
530.269 168997 168930 166110 150748 147897 147913 -
530.368 169817 169833 166367 151512 148013 148030 -
530.468 170982 170601 166386 152383 148133 148151 -
530.567 171093 171242 166170 153367 148257 148276 -
530.667 171337 171772 165732 154464 148384 148404 -
530.766 172354 172212 165093 155674 148512 148534 -
530.866 172634 172584 164282 156991 148643 148666 -
530.965 172425 172914 163331 158407 148774 148799 -
531.065 173077 173224 162278 159906 148907 148933 -
531.164 173948 173536 161162 161471 149040 149068 -
531.264 174249 173863 160020 163078 149174 149205 -
531.363 174472 174213 158887 164701 149309 149342 -
531.463 174665 174586 157793 166309 149445 149480 -
531.562 175085 174974 156764 167869 149582 149620 -
531.662 175825 175362 155820 169345 149720 149761 -
531.761 176094 175730 154974 170704 149860 149904 -
531.861 176060 176051 154235 171912 150000 150048 -
531.96 176280 176299 153605 172938 150141 150192 -
532.06 176660 176444 153082 173755 150282 150338 -
532.159 176103 176463 152661 174344 150423 150483 -
532.259 176190 176332 152334 174690 150563 150628 -
532.358 176330 176035 152089 174786 150702 150771 -
532.458 175789 175562 151917 174632 150837 150911 -
532.557 174955 174912 151806 174236 150968 151049 -
532.657 174035 174089 151744 173614 151095 151182 -
532.756 173250 173106 151721 172787 151216 151309 -
532.856 171911 171981 151728 171783 151330 151430 -
532.955 170678 170736 151758 170632 151437 151545 -
533.055 169552 169400 151802 169367 151536 151652 -
533.154 167827 168002 151855 168023 151626 151751 -
533.254 166391 166571 151912 166634 151707 151841 -
533.353 165069 165136 151971 165232 151779 151923 -
533.453 163563 163725 152029 163847 151842 151997 -
533.552 162379 162360 152083 162505 151896 152062 -
533.652 161254 161063 152133 161227 151941 152119 -
533.751 160040 159849 152178 160030 151978 152169 -
533.851 159130 158729 152217 158927 152007 152212 -
533.95 158369 157710 152252 157925 152029 152248 -
534.05 157512 156797 152281 157029 152044 152278 -
534.149 156717 155988 152305 156237 152053 152304 -
534.249 155734 155281 152325 155548 152057 152324 -
534.348 154777 154670 152341 154955 152055 152341 -
534.448 154332 154148 152354 154452 152049 152354 -
534.547 153979 153706 152364 154031 152039 152364 -
534.647 153272 153336 152371 153682 152025 152371 -
534.746 152540 153028 152376 153396 152008 152376 -
534.846 152514 152774 152380 153165 151989 152380 -
534.945 152556 152565 152382 152981 151966 152382 -
535.045 151967 152393 152383 152835 151941 152383 -
535.144 151649 152251 152383 152720 151914 152383 -
535.244 151618 152134 152383 152632 151885 152383 -
535.343 151800 152036 152381 152563 151854 152381 -
535.443 152151 151952 152379 152511 151821 152379 -
535.542 152177 151880 152377 152471 151786 152377 -
535.642 152161 151816 152374 152441 151749 152374 -
535.741 151986 151758 152371 152418 151711 152371 -
535.841 152222 151703 152368 152400 151671 152368 -
535.94 152635 151651 152364 152386 151629 152364 -
536.04 152674 151600 152360 152375 151585 152360 -
536.139 152965 151550 152356 152366 151539 152356 -
536.239 152837 151499 152351 152358 151492 152351 -
536.338 152832 151448 152346 152351 151443 152346 -
536.438 153383 151396 152341 152344 151393 152341 -
536.537 153702 151342 152336 152338 151340 152336 -
536.637 153441 151287 152331 152332 151286 152331 -
536.736 153586 151231 152325 152326 151230 152325 -
536.836 153737 151173 152319 152319 151172 152319 -
536.935 153052 151113 152312 152313 151113 152312 -
537.035 152926 151052 152306 152306 151052 152306 -
537.134 153068 150989 152299 152299 150989 152299 -
537.234 153489 150924 152291 152291 150924 152291 -
537.333 153340 150858 152284 152284 150858 152284 -
537.433 152982 150790 152276 152276 150790 152276 -
537.532 153417 150721 152268 152268 150721 152268 -
537.632 152814 150650 152259 152259 150650 152259 -
537.731 152186 150578 152250 152250 150578 152250 -
537.831 152717 150504 152241 152241 150504 152241 -
537.93 152170 150429 152231 152231 150429 152231 -
538.03 152424 150353 152221 152221 150353 152221 -
538.129 151814 150276 152211 152211 150276 152211 -
538.229 151694 150197 152200 152200 150197 152200 -
538.328 151781 150118 152189 152189 150118 152189 -
538.428 151410 150037 152177 152177 150037 152177 -
538.527 151326 149956 152165 152165 149956 152165 -
538.627 151715 149874 152153 152153 149874 152153 -
538.726 150851 149791 152140 152140 149791 152140 -
538.826 150909 149708 152127 152127 149708 152127 -
538.925 150242 149625 152114 152114 149625 152114 -
539.025 150609 149541 152100 152100 149541 152100 -
539.124 149999 149457 152086 152086 149457 152086 -
539.224 149024 149373 152071 152071 149373 152071 -
539.323 149372 149290 152056 152056 149290 152056 -
539.423 149389 149206 152041 152041 149206 152041 -
539.522 149032 149123 152025 152025 149123 152025 -
539.622 149225 149041 152009 152009 149041 152009 -
539.721 149532 148959 151992 151992 148959 151992 -
539.821 149012 148878 151975 151975 148878 151975 -
539.92 149116 148798 151958 151958 148798 151958 -
540.02 147861 148719 151940 151940 148719 151940 -
540.119 148355 148642 151922 151922 148642 151922 -
540.219 147935 148565 151904 151904 148565 151904 -
540.318 147441 148491 151886 151886 148491 151886 -
540.418 147444 148418 151867 151867 148418 151867 -
540.517 147461 148347 151847 151847 148347 151847 -
540.617 147862 148278 151828 151828 148278 151828 -
540.716 147612 148211 151808 151808 148211 151808 -
540.816 147735 148146 151788 151788 148146 151788 -
540.915 147350 148083 151768 151768 148083 151768 -
541.015 147015 148023 151747 151747 148023 151747 -
541.114 147053 147966 151727 151727 147966 151727 -
541.214 147133 147911 151706 151706 147911 151706 -
541.313 146852 147860 151685 151685 147860 151685 -
541.413 146712 147811 151663 151663 147811 151663 -
541.512 147254 147765 151642 151642 147765 151642 -
541.612 147098 147722 151620 151620 147722 151620 -
541.711 146412 147682 151599 151599 147682 151599 -
541.811 147153 147646 151577 151577 147646 151577 -
541.91 146154 147612 151555 151555 147612 151555 -
542.01 146808 147582 151533 151533 147582 151533 -
542.109 146663 147556 151511 151511 147556 151511 -
542.209 146208 147533 151489 151489 147533 151489 -
542.308 146163 147513 151467 151467 147513 151467 -
542.408 146415 147496 151445 151445 147496 151445 -
542.507 146856 147484 151423 151423 147484 151423 -
542.607 146468 147474 151401 151401 147474 151401 -
542.706 146449 147468 151379 151379 147468 151379 -
542.806 146127 147465 151357 151357 147465 151357 -
542.905 146804 147466 151336 151336 147466 151336 -
543.005 146131 147470 151314 151314 147470 151314 -
543.104 147011 147477 151293 151293 147477 151293 -
543.204 146294 147488 151271 151271 147488 151271 -
543.303 146203 147501 151250 151250 147501 151250 -
543.403 146280 147518 151230 151230 147518 151230 -
543.502 146936 147538 151209 151209 147538 151209 -
543.602 145712 147560 151188 151188 147560 151188 -
543.701 146593 147586 151168 151168 147586 151168 -
543.801 147277 147614 151148 151148 147614 151148 -
543.9 146656 147644 151129 151129 147644 151129 -
544 146609 147677 151109 151109 147677 151109 147677
