1100 6114
1099.74 6131
1099.48 6085
1099.21 6219
1098.95 6183
1098.69 6062
1098.43 6211
1098.17 6201
1097.9 6215
1097.64 6250
1097.38 6131
1097.12 6231
1096.86 6175
1096.59 6245
1096.33 6119
1096.07 6206
1095.81 6057
1095.55 6208
1095.28 6241
1095.02 6253
1094.76 6206
1094.5 6207
1094.24 6176
1093.97 6189
1093.71 6162
1093.45 6129
1093.19 6240
1092.93 6312
1092.66 6313
1092.4 6365
1092.14 6127
1091.88 6265
1091.62 6254
1091.35 6207
1091.09 6180
1090.83 6245
1090.57 6358
1090.31 6306
1090.04 6307
1089.78 6106
1089.52 6230
1089.26 6234
1089 6210
1088.73 6266
1088.47 6334
1088.21 6271
1087.95 6235
1087.69 6315
1087.43 6339
1087.16 6351
1086.9 6234
1086.64 6116
1086.38 6258
1086.12 6223
1085.85 6314
1085.59 6263
1085.33 6494
1085.07 6233
1084.81 6270
1084.54 6399
1084.28 6211
1084.02 6389
1083.76 6285
1083.5 6142
1083.23 6206
1082.97 6278
1082.71 6234
1082.45 6358
1082.19 6285
1081.92 6394
1081.66 6395
1081.4 6256
1081.14 6295
1080.88 6356
1080.61 6269
1080.35 6299
1080.09 6320
1079.83 6219
1079.57 6328
1079.3 6175
1079.04 6261
1078.78 6323
1078.52 6252
1078.26 6446
1077.99 6264
1077.73 6276
1077.47 6252
1077.21 6321
1076.95 6328
1076.68 6358
1076.42 6376
1076.16 6306
1075.9 6386
1075.64 6239
1075.37 6456
1075.11 6518
1074.85 6513
1074.59 6447
1074.33 6445
1074.06 6407
1073.8 6443
1073.54 6316
1073.28 6288
1073.02 6556
1072.75 6333
1072.49 6360
1072.23 6527
1071.97 6690
1071.71 6404
1071.44 6278
1071.18 6451
1070.92 6572
1070.66 6567
1070.4 6507
1070.13 6387
1069.87 6593
1069.61 6431
1069.35 6432
1069.09 6459
1068.82 6617
1068.56 6479
1068.3 6487
1068.04 6467
1067.78 6433
1067.51 6466
1067.25 6388
1066.99 6481
1066.73 6577
1066.47 6706
1066.2 6301
1065.94 6365
1065.68 6546
1065.42 6415
1065.16 6545
1064.89 6624
1064.63 6485
1064.37 6430
1064.11 6509
1063.85 6535
1063.59 6558
1063.32 6340
1063.06 6391
1062.8 6572
1062.54 6372
1062.28 6493
1062.01 6437
1061.75 6549
1061.49 6481
1061.23 6484
1060.97 6683
1060.7 6509
1060.44 6558
1060.18 6557
1059.92 6643
1059.66 6555
1059.39 6401
1059.13 6571
1058.87 6485
1058.61 6657
1058.35 6481
1058.08 6522
1057.82 6656
1057.56 6502
1057.3 6643
1057.04 6549
1056.77 6656
1056.51 6665
1056.25 6713
1055.99 6648
1055.73 6658
1055.46 6587
1055.2 6522
1054.94 6517
1054.68 6625
1054.42 6707
1054.15 6506
1053.89 6781
1053.63 6551
1053.37 6610
1053.11 6604
1052.84 6517
1052.58 6414
1052.32 6527
1052.06 6690
1051.8 6784
1051.53 6602
1051.27 6621
1051.01 6716
1050.75 6712
1050.49 6576
1050.22 6699
1049.96 6510
1049.7 6699
1049.44 6549
1049.18 6647
1048.91 6611
1048.65 6606
1048.39 6756
1048.13 6512
1047.87 6727
1047.6 6705
1047.34 6563
1047.08 6640
1046.82 6581
1046.56 6518
1046.29 6645
1046.03 6636
1045.77 6586
1045.51 6808
1045.25 6623
1044.98 6651
1044.72 6825
1044.46 6639
1044.2 6657
1043.94 6780
1043.67 6619
1043.41 6723
1043.15 6765
1042.89 6676
1042.63 6517
1042.36 6663
1042.1 6669
1041.84 6855
1041.58 6772
1041.32 6689
1041.05 6712
1040.79 6719
1040.53 6872
1040.27 6872
1040.01 6746
1039.75 6760
1039.48 6656
1039.22 6756
1038.96 6810
1038.7 6698
1038.44 6877
1038.17 6778
1037.91 6888
1037.65 6792
1037.39 6712
1037.13 6769
1036.86 6778
1036.6 6806
1036.34 6729
1036.08 6834
1035.82 6857
1035.55 7005
1035.29 6953
1035.03 6813
1034.77 6828
1034.51 6849
1034.24 6788
1033.98 6703
1033.72 6719
1033.46 6957
1033.2 6774
1032.93 6812
1032.67 6812
1032.41 6781
1032.15 6739
1031.89 6949
1031.62 6892
1031.36 6857
1031.1 6855
1030.84 6782
1030.58 6800
1030.31 6855
1030.05 6918
1029.79 6839
1029.53 6873
1029.27 6877
1029 6771
1028.74 6892
1028.48 6877
1028.22 6749
1027.96 6832
1027.69 6828
1027.43 6923
1027.17 6789
1026.91 6750
1026.65 6846
1026.38 6950
1026.12 6845
1025.86 6953
1025.6 6788
1025.34 7002
1025.07 6989
1024.81 6850
1024.55 7038
1024.29 6958
1024.03 7135
1023.76 6914
1023.5 6918
1023.24 6901
1022.98 6923
1022.72 6920
1022.45 6996
1022.19 7013
1021.93 6961
1021.67 7104
1021.41 6943
1021.14 6961
1020.88 7172
1020.62 6965
1020.36 6999
1020.1 7100
1019.83 7040
1019.57 7101
1019.31 6898
1019.05 6991
1018.79 6878
1018.52 7107
1018.26 6925
1018 7110
1017.74 6988
1017.48 7108
1017.22 7102
1016.95 7047
1016.69 7016
1016.43 7083
1016.17 7114
1015.91 7171
1015.64 7034
1015.38 7060
1015.12 7070
1014.86 7093
1014.6 7092
1014.33 7232
1014.07 7112
1013.81 7170
1013.55 7177
1013.29 7139
1013.02 7094
1012.76 7058
1012.5 7044
1012.24 7150
1011.98 7234
1011.71 7140
1011.45 7143
1011.19 7209
1010.93 7238
1010.67 7070
1010.4 7236
1010.14 7078
1009.88 7191
1009.62 7277
1009.36 7093
1009.09 6976
1008.83 7037
1008.57 7085
1008.31 7234
1008.05 7272
1007.78 7145
1007.52 7346
1007.26 7129
1007 7156
1006.74 7246
1006.47 7279
1006.21 7150
1005.95 7351
1005.69 7295
1005.43 7385
1005.16 7155
1004.9 7302
1004.64 7301
1004.38 7179
1004.12 7217
1003.85 7321
1003.59 7197
1003.33 7385
1003.07 7451
1002.81 7214
1002.54 7376
1002.28 7316
1002.02 7334
1001.76 7362
1001.5 7441
1001.23 7221
1000.97 7221
1000.71 7456
1000.45 7347
1000.19 7411
999.924 7515
999.662 7346
999.401 7539
999.139 7333
998.877 7380
998.615 7429
998.353 7337
998.091 7397
997.829 7343
997.567 7417
997.305 7387
997.043 7394
996.781 7386
996.519 7501
996.257 7379
995.995 7472
995.733 7542
995.471 7429
995.209 7324
994.947 7390
994.685 7465
994.423 7374
994.161 7347
993.899 7340
993.637 7189
993.375 7399
993.113 7431
992.851 7371
992.589 7417
992.327 7413
992.065 7330
991.803 7445
991.541 7482
991.279 7348
991.017 7540
990.755 7472
990.493 7412
990.231 7399
989.969 7326
989.707 7489
989.445 7571
989.183 7447
988.921 7541
988.659 7310
988.397 7432
988.135 7369
987.873 7438
987.612 7414
987.35 7365
987.088 7373
986.826 7411
986.564 7467
986.302 7387
986.04 7627
985.778 7529
985.516 7234
985.254 7414
984.992 7312
984.73 7470
984.468 7473
984.206 7414
983.944 7518
983.682 7402
983.42 7332
983.158 7558
982.896 7483
982.634 7410
982.372 7514
982.11 7488
981.848 7406
981.586 7656
981.324 7575
981.062 7438
980.8 7384
980.538 7546
980.276 7502
980.014 7627
979.752 7621
979.49 7726
979.228 7699
978.966 7596
978.704 7423
978.442 7612
978.18 7666
977.918 7702
977.656 7655
977.394 7628
977.132 7607
976.87 7587
976.608 7620
976.346 7544
976.084 7613
975.823 7584
975.561 7374
975.299 7666
975.037 7595
974.775 7688
974.513 7606
974.251 7697
973.989 7551
973.727 7620
973.465 7584
973.203 7524
972.941 7468
972.679 7680
972.417 7579
972.155 7468
971.893 7508
971.631 7540
971.369 7405
971.107 7460
970.845 7513
970.583 7574
970.321 7688
970.059 7620
969.797 7557
969.535 7491
969.273 7442
969.011 7361
968.749 7332
968.487 7541
968.225 7483
967.963 7456
967.701 7318
967.439 7339
967.177 7454
966.915 7352
966.653 7475
966.391 7483
966.129 7434
965.867 7464
965.605 7338
965.343 7273
965.081 7357
964.819 7208
964.557 7381
964.295 7243
964.034 7301
963.772 7340
963.51 7378
963.248 7220
962.986 7426
962.724 7191
962.462 7404
962.2 7304
961.938 7274
961.676 7331
961.414 7427
961.152 7212
960.89 7374
960.628 7375
960.366 7145
960.104 7415
959.842 7391
959.58 7141
959.318 7364
959.056 7278
958.794 7300
958.532 7228
958.27 7236
958.008 7261
957.746 7164
957.484 7519
957.222 7343
956.96 7207
956.698 7411
956.436 7306
956.174 7491
955.912 7243
955.65 7446
955.388 7325
955.126 7388
954.864 7338
954.602 7273
954.34 7379
954.078 7231
953.816 7305
953.554 7543
953.292 7381
953.03 7276
952.768 7257
952.506 7423
952.245 7202
951.983 7285
951.721 7492
951.459 7307
951.197 7451
950.935 7478
950.673 7549
950.411 7235
950.149 7232
949.887 7479
949.625 7274
949.363 7495
949.101 7501
948.839 7383
948.577 7518
948.315 7523
948.053 7466
947.791 7487
947.529 7425
947.267 7351
947.005 7569
946.743 7539
946.481 7450
946.219 7303
945.957 7354
945.695 7491
945.433 7266
945.171 7421
944.909 7341
944.647 7366
944.385 7587
944.123 7475
943.861 7464
943.599 7516
943.337 7452
943.075 7482
942.813 7428
942.551 7364
942.289 7457
942.027 7598
941.765 7456
941.503 7507
941.241 7497
940.979 7554
940.717 7546
940.456 7469
940.194 7581
939.932 7676
939.67 7428
939.408 7528
939.146 7491
938.884 7484
938.622 7494
938.36 7384
938.098 7699
937.836 7494
937.574 7575
937.312 7426
937.05 7565
936.788 7591
936.526 7458
936.264 7574
936.002 7500
935.74 7558
935.478 7499
935.216 7456
934.954 7471
934.692 7757
934.43 7541
934.168 7698
933.906 7527
933.644 7559
933.382 7760
933.12 7522
932.858 7464
932.596 7567
932.334 7593
932.072 7509
931.81 7822
931.548 7560
931.286 7506
931.024 7594
930.762 7483
930.5 7354
930.238 7567
929.976 7641
929.714 7596
929.452 7544
929.19 7639
928.928 7688
928.667 7552
928.405 7662
928.143 7591
927.881 7487
927.619 7553
927.357 7589
927.095 7749
926.833 7644
926.571 7702
926.309 7536
926.047 7700
925.785 7709
925.523 7579
925.261 7728
924.999 7744
924.737 7621
924.475 7672
924.213 7612
923.951 7696
923.689 7698
923.427 7788
923.165 7626
922.903 7725
922.641 7712
922.379 7649
922.117 7720
921.855 7772
921.593 7634
921.331 7646
921.069 7753
920.807 7725
920.545 7838
920.283 7788
920.021 7735
919.759 7723
919.497 7884
919.235 7836
918.973 7703
918.711 7782
918.449 7783
918.187 7881
917.925 7744
917.663 7755
917.401 7868
917.139 7761
916.878 7876
916.616 7717
916.354 7807
916.092 7902
915.83 7751
915.568 7780
915.306 7690
915.044 7723
914.782 7654
914.52 7850
914.258 7712
913.996 8010
913.734 7798
913.472 7625
913.21 7813
912.948 7668
912.686 7850
912.424 7698
912.162 7724
911.9 7896
911.638 7771
911.376 7904
911.114 7990
910.852 7811
910.59 8010
910.328 7892
910.066 7848
909.804 7747
909.542 7653
909.28 7940
909.018 7864
908.756 8034
908.494 7811
908.232 7894
907.97 7845
907.708 7881
907.446 7832
907.184 7974
906.922 7982
906.66 8071
906.398 7908
906.136 7937
905.874 8015
905.612 7895
905.35 8048
905.089 8053
904.827 7960
904.565 7976
904.303 7871
904.041 8066
903.779 8183
903.517 8040
903.255 7976
902.993 7872
902.731 7763
902.469 7979
902.207 8007
901.945 8006
901.683 8012
901.421 7960
901.159 7804
900.897 8007
900.635 7940
900.373 8109
900.111 7972
899.849 8129
899.587 8073
899.325 8162
899.063 8169
898.801 8127
898.539 8084
898.277 8095
898.015 7947
897.753 8008
897.491 8026
897.229 7965
896.967 8169
896.705 8049
896.443 8097
896.181 8113
895.919 8144
895.657 8122
895.395 7888
895.133 8029
894.871 7984
894.609 8142
894.347 7894
894.085 8014
893.823 8047
893.561 8149
893.3 7959
893.038 8169
892.776 8135
892.514 8061
892.252 8034
891.99 8186
891.728 8209
891.466 8030
891.204 8294
890.942 8149
890.68 8225
890.418 8010
890.156 8125
889.894 8049
889.632 8149
889.37 8327
889.108 8150
888.846 8108
888.584 8307
888.322 8150
888.06 8167
887.798 8141
887.536 8181
887.274 8306
887.012 8149
886.75 8326
886.488 8113
886.226 8017
885.964 8058
885.702 8200
885.44 8281
885.178 8302
884.916 8357
884.654 8230
884.392 8348
884.13 8337
883.868 8266
883.606 8284
883.344 8252
883.082 8219
882.82 8192
882.558 8221
882.296 8158
882.034 8292
881.772 8102
881.511 8483
881.249 8232
880.987 8265
880.725 8323
880.463 8468
880.201 8380
879.939 8342
879.677 8236
879.415 8294
879.153 8364
878.891 8219
878.629 8336
878.367 8338
878.105 8356
877.843 8371
877.581 8121
877.319 8146
877.057 8413
876.795 8352
876.533 8331
876.271 8362
876.009 8412
875.747 8215
875.485 8304
875.223 8370
874.961 8500
874.699 8530
874.437 8364
874.175 8465
873.913 8514
873.651 8531
873.389 8543
873.127 8324
872.865 8628
872.603 8605
872.341 8455
872.079 8516
871.817 8451
871.555 8356
871.293 8331
871.031 8362
870.769 8507
870.507 8599
870.245 8401
869.983 8419
869.722 8492
869.46 8442
869.198 8392
868.936 8560
868.674 8280
868.412 8474
868.15 8266
867.888 8370
867.626 8493
867.364 8459
867.102 8557
866.84 8501
866.578 8355
866.316 8422
866.054 8605
865.792 8555
865.53 8452
865.268 8385
865.006 8632
864.744 8708
864.482 8589
864.22 8344
863.958 8601
863.696 8437
863.434 8626
863.172 8494
862.91 8597
862.648 8254
862.386 8587
862.124 8787
861.862 8531
861.6 8647
861.338 8641
861.076 8495
860.814 8600
860.552 8593
860.29 8603
860.028 8562
859.766 8742
859.504 8532
859.242 8493
858.98 8669
858.718 8551
858.456 8533
858.194 8610
857.932 8572
857.671 8682
857.409 8645
857.147 8698
856.885 8938
856.623 8707
856.361 8587
856.099 8683
855.837 8592
855.575 8507
855.313 8593
855.051 8659
854.789 8773
854.527 8725
854.265 8624
854.003 8656
853.741 8610
853.479 8629
853.217 8689
852.955 8847
852.693 8740
852.431 8676
852.169 8825
851.907 8822
851.645 8648
851.383 8773
851.121 8826
850.859 8505
850.597 8593
850.335 8668
850.073 8649
849.811 8572
849.549 8599
849.287 8772
849.025 8741
848.763 8827
848.501 8794
848.239 8744
847.977 8756
847.715 8821
847.453 8790
847.191 8580
846.929 8796
846.667 8822
846.405 8884
846.143 8703
845.882 8942
845.62 8834
845.358 8744
845.096 8923
844.834 8662
844.572 8710
844.31 8742
844.048 8812
843.786 8878
843.524 8664
843.262 8620
843 8843
842.738 8889
842.476 8907
842.214 8772
841.952 8810
841.69 8834
841.428 8609
841.166 8889
840.904 8912
840.642 8833
840.38 8713
840.118 8917
839.856 8686
839.594 8698
839.332 8851
839.07 8835
838.808 8795
838.546 8843
838.284 8903
838.022 8751
837.76 8915
837.498 8824
837.236 8920
836.974 8978
836.712 8983
836.45 8735
836.188 8956
835.926 8865
835.664 8919
835.402 8894
835.14 8890
834.878 8960
834.616 9009
834.354 8851
834.093 9021
833.831 9022
833.569 9077
833.307 8798
833.045 9032
832.783 9006
832.521 9009
832.259 8947
831.997 9014
831.735 8957
831.473 9000
831.211 8896
830.949 8954
830.687 8992
830.425 9002
830.163 8981
829.901 9079
829.639 9072
829.377 9117
829.115 8928
828.853 8906
828.591 8898
828.329 9048
828.067 9006
827.805 8878
827.543 8826
827.281 9067
827.019 9148
826.757 8901
826.495 9134
826.233 9239
825.971 9085
825.709 9026
825.447 9062
825.185 9046
824.923 9234
824.661 9140
824.399 9198
824.137 9152
823.875 8959
823.613 9160
823.351 9181
823.089 9204
822.827 9143
822.565 9139
822.304 9255
822.042 9044
821.78 9156
821.518 9112
821.256 9344
820.994 9174
820.732 9105
820.47 9233
820.208 8979
819.946 9143
819.684 9251
819.422 8888
819.16 9094
818.898 9278
818.636 9092
818.374 9137
818.112 9100
817.85 8988
817.588 9257
817.326 9189
817.064 8997
816.802 9173
816.54 9185
816.278 9369
816.016 9320
815.754 9241
815.492 9110
815.23 9273
814.968 9154
814.706 9236
814.444 9104
814.182 9469
813.92 9007
813.658 9391
813.396 9317
813.134 9296
812.872 9243
812.61 9225
812.348 9253
812.086 9324
811.824 9258
811.562 9327
811.3 9348
811.038 9233
810.776 9199
810.515 9258
810.253 9394
809.991 9259
809.729 9206
809.467 9180
809.205 9264
808.943 9401
808.681 9385
808.419 9418
808.157 9531
807.895 9346
807.633 9234
807.371 9396
807.109 9403
806.847 9377
806.585 9369
806.323 9447
806.061 9390
805.799 9325
805.537 9390
805.275 9414
805.013 9530
804.751 9421
804.489 9360
804.227 9365
803.965 9404
803.703 9468
803.441 9444
803.179 9524
802.917 9342
802.655 9506
802.393 9388
802.131 9493
801.869 9208
801.607 9473
801.345 9441
801.083 9404
800.821 9486
800.559 9494
800.297 9525
800.035 9248
799.773 9439
799.511 9655
799.249 9365
798.987 9447
798.726 9565
798.464 9528
798.202 9717
797.94 9423
797.678 9449
797.416 9387
797.154 9467
796.892 9273
796.63 9494
796.368 9608
796.106 9462
795.844 9379
795.582 9555
795.32 9250
795.058 9590
794.796 9574
794.534 9624
794.272 9431
794.01 9496
793.748 9441
793.486 9468
793.224 9583
792.962 9712
792.7 9399
792.438 9534
792.176 9614
791.914 9606
791.652 9461
791.39 9691
791.128 9495
790.866 9699
790.604 9489
790.342 9595
790.08 9515
789.818 9334
789.556 9624
789.294 9420
789.032 9661
788.77 9569
788.508 9717
788.246 9517
787.984 9634
787.722 9700
787.46 9557
787.198 9504
786.937 9603
786.675 9662
786.413 9441
786.151 9603
785.889 9683
785.627 9639
785.365 9810
785.103 9644
784.841 9808
784.579 9685
784.317 9649
784.055 9753
783.793 9691
783.531 9665
783.269 9778
783.007 9697
782.745 9687
782.483 9944
782.221 9540
781.959 9726
781.697 9790
781.435 9649
781.173 9730
780.911 9711
780.649 9744
780.387 9754
780.125 9710
779.863 9826
779.601 9817
779.339 9710
779.077 9753
778.815 9904
778.553 9811
778.291 9841
778.029 9773
777.767 9934
777.505 9705
777.243 9875
776.981 9881
776.719 9844
776.457 9892
776.195 9835
775.933 9840
775.671 9734
775.409 9885
775.148 10072
774.886 9817
774.624 9848
774.362 9881
774.1 9887
773.838 9864
773.576 9872
773.314 9725
773.052 9937
772.79 9824
772.528 9986
772.266 9670
772.004 10029
771.742 9909
771.48 9876
771.218 9956
770.956 9854
770.694 9909
770.432 9887
770.17 9791
769.908 9969
769.646 10021
769.384 9919
769.122 10014
768.86 9758
768.598 9801
768.336 10044
768.074 9972
767.812 9925
767.55 9942
767.288 9993
767.026 9947
766.764 10084
766.502 9983
766.24 9981
765.978 10060
765.716 10049
765.454 10058
765.192 9926
764.93 10083
764.668 10014
764.406 10027
764.144 9860
763.882 9867
763.62 10078
763.359 9872
763.097 10047
762.835 10114
762.573 10091
762.311 10215
762.049 10088
761.787 10262
761.525 10026
761.263 10103
761.001 10229
760.739 9989
760.477 9922
760.215 10105
759.953 10081
759.691 10281
759.429 10129
759.167 10022
758.905 10053
758.643 10130
758.381 10056
758.119 10186
757.857 10323
757.595 9930
757.333 10045
757.071 10104
756.809 10031
756.547 10039
756.285 10203
756.023 10236
755.761 9922
755.499 10196
755.237 10254
754.975 10158
754.713 10073
754.451 10055
754.189 10089
753.927 10208
753.665 10095
753.403 10097
753.141 10184
752.879 10317
752.617 10267
752.355 10202
752.093 10014
751.831 10184
751.57 10209
751.308 10582
751.046 10413
750.784 10369
750.522 10145
750.26 10476
749.998 10425
749.736 10131
749.474 10415
749.212 10341
748.95 10357
748.688 10351
748.426 10349
748.164 10283
747.902 10255
747.64 10305
747.378 10412
747.116 10400
746.854 10320
746.592 10400
746.33 10473
746.068 10455
745.806 10160
745.544 10524
745.282 10501
745.02 10182
744.758 10513
744.496 10382
744.234 10487
743.972 10362
743.71 10510
743.448 10373
743.186 10320
742.924 10469
742.662 10358
742.4 10487
742.138 10545
741.876 10390
741.614 10481
741.352 10517
741.09 10553
740.828 10570
740.566 10557
740.304 10468
740.042 10354
739.781 10491
739.519 10440
739.257 10525
738.995 10564
738.733 10529
738.471 10410
738.209 10661
737.947 10441
737.685 10448
737.423 10515
737.161 10631
736.899 10453
736.637 10513
736.375 10619
736.113 10457
735.851 10508
735.589 10434
735.327 10613
735.065 10676
734.803 10379
734.541 10483
734.279 10541
734.017 10523
733.755 10584
733.493 10579
733.231 10430
732.969 10515
732.707 10630
732.445 10516
732.183 10421
731.921 10522
731.659 10445
731.397 10569
731.135 10632
730.873 10587
730.611 10647
730.349 10558
730.087 10460
729.825 10559
729.563 10501
729.301 10645
729.039 10653
728.777 10491
728.515 10729
728.253 10813
727.992 10662
727.73 10347
727.468 10669
727.206 10733
726.944 10549
726.682 10510
726.42 10671
726.158 10583
725.896 10805
725.634 10714
725.372 10773
725.11 10589
724.848 10854
724.586 10839
724.324 10922
724.062 10997
723.8 10856
723.538 10797
723.276 10815
723.014 10827
722.752 10824
722.49 11033
722.228 10946
721.966 11105
721.704 11075
721.442 11045
721.18 11029
720.918 11130
720.656 11041
720.394 11441
720.132 11214
719.87 11247
719.608 11025
719.346 11282
719.084 11020
718.822 11191
718.56 11166
718.298 11378
718.036 11251
717.774 11165
717.512 11218
717.25 11097
716.988 11218
716.726 11038
716.464 11062
716.203 10858
715.941 10971
715.679 11101
715.417 10946
715.155 11022
714.893 10901
714.631 10922
714.369 10881
714.107 10645
713.845 10726
713.583 10837
713.321 10676
713.059 10857
712.797 10712
712.535 10708
712.273 10318
712.011 10795
711.749 10757
711.487 10700
711.225 10624
710.963 10601
710.701 10757
710.439 10643
710.177 10452
709.915 10595
709.653 10496
709.391 10573
709.129 10504
708.867 10623
708.605 10822
708.343 10604
708.081 10556
707.819 10414
707.557 10436
707.295 10661
707.033 10635
706.771 10480
706.509 10521
706.247 10538
705.985 10555
705.723 10429
705.461 10403
705.199 10473
704.937 10503
704.675 10592
704.414 10293
704.152 10542
703.89 10573
703.628 10595
703.366 10716
703.104 10307
702.842 10528
702.58 10531
702.318 10497
702.056 10520
701.794 10660
701.532 10517
701.27 10570
701.008 10525
700.746 10525
700.484 10617
700.222 10604
699.96 10619
699.698 10589
699.436 10573
699.174 10711
698.912 10538
698.65 10523
698.388 10358
698.126 10455
697.864 10540
697.602 10469
697.34 10511
697.078 10540
696.816 10644
696.554 10737
696.292 10554
696.03 10822
695.768 10397
695.506 10717
695.244 10686
694.982 10533
694.72 10618
694.458 10688
694.196 10710
693.934 10487
693.672 10563
693.41 10698
693.148 10527
692.886 10780
692.624 10723
692.363 10778
692.101 10682
691.839 10479
691.577 10740
691.315 10933
691.053 10585
690.791 10716
690.529 10917
690.267 10550
690.005 10882
689.743 10710
689.481 10670
689.219 10761
688.957 10893
688.695 10771
688.433 10894
688.171 10776
687.909 10848
687.647 10765
687.385 10766
687.123 10787
686.861 10727
686.599 10639
686.337 10817
686.075 10866
685.813 10691
685.551 10605
685.289 11048
685.027 10636
684.765 10970
684.503 10851
684.241 10913
683.979 10725
683.717 10887
683.455 10886
683.193 10934
682.931 10888
682.669 10806
682.407 11012
682.145 10870
681.883 11044
681.621 10783
681.359 10969
681.097 10903
680.835 11063
680.574 11143
680.312 11024
680.05 11036
679.788 10847
679.526 11025
679.264 10820
679.002 10959
678.74 11068
678.478 11072
678.216 10946
677.954 11031
677.692 11160
677.43 11062
677.168 10783
676.906 10980
676.644 10950
676.382 11010
676.12 10997
675.858 10984
675.596 10886
675.334 10881
675.072 11069
674.81 11111
674.548 10916
674.286 10967
674.024 10693
673.762 10832
673.5 11162
673.238 10944
672.976 11145
672.714 10898
672.452 11020
672.19 10886
671.928 10889
671.666 11056
671.404 11016
671.142 10958
670.88 10866
670.618 10924
670.356 10906
670.094 10920
669.832 11063
669.57 11074
669.308 10806
669.046 11145
668.785 11188
668.523 11017
668.261 11135
667.999 11170
667.737 11040
667.475 11259
667.213 10985
666.951 10991
666.689 10826
666.427 11040
666.165 11066
665.903 11171
665.641 11109
665.379 11237
665.117 11086
664.855 11223
664.593 11029
664.331 11202
664.069 10993
663.807 11110
663.545 11208
663.283 11058
663.021 11173
662.759 11059
662.497 11199
662.235 11119
661.973 11212
661.711 11145
661.449 11344
661.187 11332
660.925 11198
660.663 11260
660.401 11258
660.139 11243
659.877 11174
659.615 11242
659.353 11132
659.091 11105
658.829 11284
658.567 11098
658.305 11282
658.043 11258
657.781 11337
657.519 11032
657.257 11384
656.996 11223
656.734 11045
656.472 11126
656.21 11431
655.948 11356
655.686 11159
655.424 11253
655.162 11299
654.9 11372
654.638 11447
654.376 11590
654.114 11389
653.852 11499
653.59 11552
653.328 11302
653.066 11457
652.804 11482
652.542 11454
652.28 11495
652.018 11275
651.756 11497
651.494 11433
651.232 11575
650.97 11511
650.708 11538
650.446 11419
650.184 11530
649.922 11445
649.66 11486
649.398 11401
649.136 11625
648.874 11333
648.612 11535
648.35 11585
648.088 11515
647.826 11499
647.564 11423
647.302 11540
647.04 11456
646.778 11622
646.516 11796
646.254 11498
645.992 11645
645.73 11600
645.468 11456
645.207 11529
644.945 11556
644.683 11462
644.421 11517
644.159 11883
643.897 11576
643.635 11674
643.373 11551
643.111 11645
642.849 11688
642.587 11601
642.325 11775
642.063 11661
641.801 11593
641.539 11444
641.277 11673
641.015 11824
640.753 11662
640.491 11410
640.229 11759
639.967 11733
639.705 11643
639.443 11680
639.181 11881
638.919 11775
638.657 11722
638.395 12034
638.133 11826
637.871 11831
637.609 11950
637.347 11877
637.085 11674
636.823 11764
636.561 11811
636.299 11688
636.037 11692
635.775 11884
635.513 11912
635.251 11705
634.989 11789
634.727 11696
634.465 11726
634.203 11548
633.941 11704
633.679 11836
633.418 11873
633.156 11881
632.894 11735
632.632 11933
632.37 11838
632.108 12094
631.846 12136
631.584 12095
631.322 11927
631.06 12061
630.798 12271
630.536 12095
630.274 12138
630.012 12388
629.75 12016
629.488 12242
629.226 12062
628.964 12139
628.702 11954
628.44 12141
628.178 12101
627.916 12148
627.654 12154
627.392 12240
627.13 12245
626.868 12135
626.606 12199
626.344 12216
626.082 12046
625.82 12030
625.558 12002
625.296 12185
625.034 12083
624.772 11976
624.51 12103
624.248 12095
623.986 12042
623.724 12094
623.462 12238
623.2 12158
622.938 12083
622.676 12170
622.414 12117
622.152 12054
621.89 12175
621.629 12205
621.367 12201
621.105 12220
620.843 12234
620.581 12190
620.319 12179
620.057 12157
619.795 12268
619.533 12170
619.271 12123
619.009 12205
618.747 11984
618.485 11987
618.223 11868
617.961 12111
617.699 12038
617.437 12111
617.175 12222
616.913 12019
616.651 12105
616.389 11999
616.127 12019
615.865 11930
615.603 11866
615.341 11803
615.079 11864
614.817 11873
614.555 11838
614.293 11779
614.031 11907
613.769 11769
613.507 12017
613.245 11753
612.983 11908
612.721 11916
612.459 11732
612.197 11815
611.935 11870
611.673 11740
611.411 12031
611.149 12103
610.887 11847
610.625 12054
610.363 12078
610.101 12128
609.84 12025
609.578 12124
609.316 11856
609.054 12108
608.792 12081
608.53 12211
608.268 12126
608.006 12543
607.744 12258
607.482 12711
607.22 12712
606.958 12986
606.696 13134
606.434 13320
606.172 13477
605.91 13594
605.648 14261
605.386 14203
605.124 14599
604.862 14972
604.6 15510
604.338 15699
604.076 15958
603.814 15984
603.552 16333
603.29 15768
603.028 15755
602.766 15176
602.504 14519
602.242 14297
601.98 13718
601.718 13437
601.456 12967
601.194 13022
600.932 12602
600.67 12412
600.408 12502
600.146 12226
599.884 12242
599.622 11976
599.36 11939
599.098 11894
598.836 11946
598.574 11940
598.312 11619
598.051 11750
597.789 11784
597.527 11897
597.265 11606
597.003 11640
596.741 11888
596.479 11852
596.217 11845
595.955 11690
595.693 11585
595.431 11686
595.169 11791
594.907 11703
594.645 11510
594.383 11709
594.121 11896
593.859 11721
593.597 11557
593.335 11516
593.073 11633
592.811 11784
592.549 11633
592.287 11425
592.025 11511
591.763 11413
591.501 11409
591.239 11530
590.977 11455
590.715 11349
590.453 11503
590.191 11507
589.929 11445
589.667 11277
589.405 11184
589.143 11467
588.881 11164
588.619 11262
588.357 11235
588.095 11201
587.833 11128
587.571 11360
587.309 11066
587.047 11127
586.785 10993
586.523 11032
586.262 11040
586 10970
585.738 10848
585.476 10963
585.214 10698
584.952 10697
584.69 10952
584.428 10836
584.166 10769
583.904 10838
583.642 10807
583.38 10793
583.118 10627
582.856 10624
582.594 10787
582.332 10645
582.07 10681
581.808 10558
581.546 10714
581.284 10693
581.022 10631
580.76 10728
580.498 10591
580.236 10726
579.974 10531
579.712 10833
579.45 10950
579.188 10822
578.926 10861
578.664 11142
578.402 10971
578.14 11097
577.878 11397
577.616 11534
577.354 11571
577.092 11699
576.83 11805
576.568 12050
576.306 12423
576.044 12843
575.782 12982
575.52 13512
575.258 14205
574.996 14591
574.734 15289
574.473 16096
574.211 16740
573.949 17605
573.687 17917
573.425 18644
573.163 18899
572.901 19099
572.639 18667
572.377 18337
572.115 17466
571.853 16676
571.591 15783
571.329 14704
571.067 13830
570.805 12972
570.543 12656
570.281 12062
570.019 11737
569.757 11329
569.495 11010
569.233 10777
568.971 10555
568.709 10238
568.447 10115
568.185 10058
567.923 9778
567.661 9665
567.399 9706
567.137 9487
566.875 9549
566.613 9426
566.351 9560
566.089 9297
565.827 9399
565.565 9279
565.303 9318
565.041 9244
564.779 9406
564.517 9309
564.255 9289
563.993 9091
563.731 9373
563.469 9193
563.207 9193
562.945 9073
562.684 9312
562.422 9070
562.16 9061
561.898 9232
561.636 9284
561.374 9116
561.112 9279
560.85 9177
560.588 9229
560.326 9048
560.064 9219
559.802 9139
559.54 9306
559.278 9145
559.016 9206
558.754 9288
558.492 9285
558.23 9279
557.968 9232
557.706 9104
557.444 9041
557.182 9290
556.92 9295
556.658 9195
556.396 9226
556.134 9218
555.872 9235
555.61 9241
555.348 9023
555.086 9188
554.824 9276
554.562 9140
554.3 9184
554.038 9267
553.776 9222
553.514 9324
553.252 9332
552.99 9155
552.728 9224
552.466 9235
552.204 9370
551.942 9395
551.68 9480
551.418 9249
551.156 9134
550.895 9286
550.633 9335
550.371 9095
550.109 9266
549.847 9195
549.585 9111
549.323 9260
549.061 9238
548.799 9437
548.537 9090
548.275 9313
548.013 9206
547.751 9407
547.489 9360
547.227 9277
546.965 9205
546.703 9331
546.441 9320
546.179 9067
545.917 9023
545.655 9147
545.393 9129
545.131 9034
544.869 9210
544.607 9298
544.345 9161
544.083 9156
543.821 9198
543.559 9187
543.297 9209
543.035 9223
542.773 9206
542.511 9267
542.249 9325
541.987 9104
541.725 9073
541.463 9280
541.201 9195
540.939 9291
540.677 9126
540.415 9255
540.153 9431
539.891 9363
539.629 9622
539.367 9417
539.105 9426
538.844 9489
538.582 9370
538.32 9407
538.058 9584
537.796 9409
537.534 9315
537.272 9500
537.01 9427
536.748 9610
536.486 9408
536.224 9369
535.962 9382
535.7 9395
535.438 9529
535.176 9565
534.914 9611
534.652 9380
534.39 9594
534.128 9713
533.866 9742
533.604 9867
533.342 10167
533.08 10285
532.818 10539
532.556 10737
532.294 10987
532.032 11151
531.77 11037
531.508 10923
531.246 11201
530.984 11201
530.722 11016
530.46 10830
530.198 10702
529.936 10731
529.674 10484
529.412 9995
529.15 9893
528.888 9440
528.626 9359
528.364 9299
528.102 9023
527.84 9212
527.578 9184
527.316 9238
527.055 9085
526.793 9182
526.531 9127
526.269 9148
526.007 9086
525.745 9122
525.483 9178
525.221 9135
524.959 9188
524.697 9252
524.435 9120
524.173 9094
523.911 9301
523.649 9125
523.387 9094
523.125 9175
522.863 9343
522.601 9310
522.339 9219
522.077 9437
521.815 9196
521.553 9243
521.291 9247
521.029 9185
520.767 9226
520.505 9245
520.243 9263
519.981 9254
519.719 9370
519.457 9258
519.195 9289
518.933 9064
518.671 9385
518.409 9174
518.147 9235
517.885 9187
517.623 9289
517.361 9186
517.099 9222
516.837 9264
516.575 9172
516.313 9194
516.051 9341
515.789 9242
515.527 9429
515.266 9446
515.004 9183
514.742 9550
514.48 9332
514.218 9410
513.956 9410
513.694 9348
513.432 9361
513.17 9250
512.908 9217
512.646 9434
512.384 9296
512.122 9313
511.86 9311
511.598 9414
511.336 9353
511.074 9439
510.812 9350
510.55 9412
510.288 9232
510.026 9426
509.764 9322
509.502 9352
509.24 9550
508.978 9480
508.716 9664
508.454 9376
508.192 9359
507.93 9444
507.668 9447
507.406 9327
507.144 9650
506.882 9577
506.62 9454
506.358 9560
506.096 9386
505.834 9555
505.572 9539
505.31 9514
505.048 9426
504.786 9638
504.524 9446
504.262 9504
504 9531
503.738 9557
503.477 9486
503.215 9492
502.953 9503
502.691 9667
502.429 9481
502.167 9611
501.905 9513
501.643 9511
501.381 9510
501.119 9639
500.857 9508
500.595 9620
500.333 9361
500.071 9631
499.809 9588
499.547 9692
499.285 9560
499.023 9699
498.761 9757
498.499 9683
498.237 9758
497.975 9615
497.713 9608
497.451 9570
497.189 9650
496.927 9711
496.665 9690
496.403 9704
496.141 9771
495.879 9518
495.617 9637
495.355 9682
495.093 9636
494.831 9472
494.569 9557
494.307 9756
494.045 9992
493.783 9772
493.521 9772
493.259 9842
492.997 9703
492.735 9833
492.473 9968
492.211 9738
491.949 9620
491.688 9770
491.426 9840
491.164 9685
490.902 9797
490.64 9857
490.378 9742
490.116 9925
489.854 9755
489.592 9871
489.33 9759
489.068 9799
488.806 9846
488.544 9849
488.282 9943
488.02 9938
487.758 9696
487.496 9900
487.234 9858
486.972 9703
486.71 9836
486.448 9919
486.186 9769
485.924 9982
485.662 10004
485.4 10099
485.138 9973
484.876 9809
484.614 9927
484.352 9808
484.09 9907
483.828 9947
483.566 9960
483.304 9924
483.042 9779
482.78 10082
482.518 9924
482.256 9985
481.994 10046
481.732 9847
481.47 10075
481.208 10137
480.946 10067
480.684 10015
480.422 10166
480.16 10114
479.899 10074
479.637 10032
479.375 10024
479.113 9865
478.851 10103
478.589 10113
478.327 9899
478.065 9919
477.803 9908
477.541 9917
477.279 9986
477.017 10148
476.755 10148
476.493 9939
476.231 10113
475.969 10273
475.707 10153
475.445 10043
475.183 10176
474.921 10017
474.659 9992
474.397 10143
474.135 10025
473.873 10095
473.611 10119
473.349 10105
473.087 10077
472.825 10115
472.563 9921
472.301 10076
472.039 10215
471.777 9932
471.515 10137
471.253 10089
470.991 10267
470.729 10269
470.467 10107
470.205 10250
469.943 10285
469.681 10107
469.419 10196
469.157 10369
468.895 10336
468.633 10418
468.371 10074
468.11 10313
467.848 10311
467.586 10455
467.324 10208
467.062 10380
466.8 10589
466.538 10584
466.276 10762
466.014 10635
465.752 10666
465.49 10405
465.228 10507
464.966 10435
464.704 10525
464.442 10449
464.18 10643
463.918 10549
463.656 10505
463.394 10367
463.132 10510
462.87 10321
462.608 10244
462.346 10328
462.084 10326
461.822 10341
461.56 10372
461.298 10293
461.036 10117
460.774 10306
460.512 10172
460.25 10475
459.988 10330
459.726 10229
459.464 10371
459.202 10219
458.94 10330
458.678 10257
458.416 10134
458.154 10304
457.892 10185
457.63 10190
457.368 10388
457.106 10327
456.844 10204
456.582 10243
456.321 10399
456.059 10211
455.797 10357
455.535 10310
455.273 10188
455.011 10324
454.749 10314
454.487 10218
454.225 10431
453.963 10230
453.701 10199
453.439 10359
453.177 10241
452.915 10349
452.653 10211
452.391 10330
452.129 10141
451.867 10345
451.605 10459
451.343 10303
451.081 10321
450.819 10381
450.557 10309
450.295 10317
450.033 10229
449.771 10252
449.509 10375
449.247 10482
448.985 10431
448.723 10295
448.461 10313
448.199 10615
447.937 10580
447.675 10471
447.413 10604
447.151 10439
446.889 10368
446.627 10487
446.365 10616
446.103 10587
445.841 10492
445.579 10611
445.317 10687
445.055 10632
444.793 10772
444.532 10730
444.27 10809
444.008 10836
443.746 10899
443.484 10815
443.222 10905
442.96 11190
442.698 11146
442.436 11061
442.174 10932
441.912 11024
441.65 10902
441.388 10991
441.126 10839
440.864 11004
440.602 10889
440.34 10796
440.078 10968
439.816 10742
439.554 10882
439.292 10617
439.03 10694
438.768 10698
438.506 10714
438.244 10718
437.982 10618
437.72 10502
437.458 10614
437.196 10407
436.934 10716
436.672 10449
436.41 10591
436.148 10646
435.886 10528
435.624 10488
435.362 10364
435.1 10355
434.838 10529
434.576 10349
434.314 10350
434.052 10456
433.79 10335
433.528 10530
433.266 10463
433.004 10335
432.743 10477
432.481 10479
432.219 10416
431.957 10783
431.695 10567
431.433 10465
431.171 10427
430.909 10426
430.647 10568
430.385 10551
430.123 10234
429.861 10582
429.599 10509
429.337 10577
429.075 10530
428.813 10651
428.551 10379
428.289 10553
428.027 10696
427.765 10590
427.503 10760
427.241 10622
426.979 10386
426.717 10623
426.455 10595
426.193 10613
425.931 10550
425.669 10663
425.407 10619
425.145 10679
424.883 10742
424.621 10783
424.359 10551
424.097 10871
423.835 10537
423.573 10816
423.311 10743
423.049 10489
422.787 10764
422.525 10655
422.263 10718
422.001 10726
421.739 10657
421.477 10768
421.215 10698
420.954 10550
420.692 10598
420.43 10649
420.168 10646
419.906 10876
419.644 10832
419.382 10817
419.12 10767
418.858 10766
418.596 10961
418.334 10633
418.072 10787
417.81 10652
417.548 10712
417.286 10851
417.024 10926
416.762 10975
416.5 10806
416.238 10858
415.976 10822
415.714 10857
415.452 10802
415.19 10983
414.928 10983
414.666 10855
414.404 10845
414.142 10740
413.88 11009
413.618 10870
413.356 10780
413.094 10704
412.832 10830
412.57 11043
412.308 10843
412.046 10989
411.784 10980
411.522 10804
411.26 10867
410.998 10950
410.736 10815
410.474 10864
410.212 11003
409.95 10858
409.688 10940
409.426 10929
409.165 10941
408.903 10778
408.641 10860
408.379 11066
408.117 10978
407.855 11111
407.593 11066
407.331 11152
407.069 10877
406.807 10994
406.545 10987
406.283 11218
406.021 11039
405.759 11126
405.497 11143
405.235 11199
404.973 11264
404.711 11085
404.449 11195
404.187 11238
403.925 11229
403.663 11173
403.401 11251
403.139 11381
402.877 11291
402.615 11466
402.353 11592
402.091 11559
401.829 11472
401.567 11671
401.305 11600
401.043 11464
400.781 11704
400.519 11728
400.257 11805
399.995 11900
399.733 11820
399.471 11854
399.209 11992
398.947 11834
398.685 12067
398.423 11884
398.161 11899
397.899 11813
397.637 12057
397.376 12104
397.114 11676
396.852 11963
396.59 11867
396.328 11973
396.066 11947
395.804 12026
395.542 12169
395.28 11982
395.018 12119
394.756 12278
394.494 12120
394.232 12185
393.97 12453
393.708 12328
393.446 12359
393.184 12199
392.922 12322
392.66 12325
392.398 12056
392.136 12300
391.874 12111
391.612 12174
391.35 11927
391.088 12025
390.826 11931
390.564 11886
390.302 11839
390.04 11757
389.778 11805
389.516 11695
389.254 11681
388.992 11573
388.73 11592
388.468 11387
388.206 11200
387.944 11288
387.682 11279
387.42 11320
387.158 11117
386.896 10952
386.634 10929
386.372 10645
386.11 10564
385.848 10501
385.586 10525
385.325 10566
385.063 10141
384.801 10291
384.539 9977
384.277 9999
384.015 9818
383.753 9890
383.491 9663
383.229 9658
382.967 9614
382.705 9536
382.443 9505
382.181 9399
381.919 9177
381.657 9184
381.395 8895
381.133 9140
380.871 8948
380.609 8653
380.347 8659
380.085 8653
379.823 8567
379.561 8711
379.299 8517
379.037 8618
378.775 8647
378.513 8476
378.251 8830
377.989 9039
377.727 9056
377.465 9159
377.203 9537
376.941 9648
376.679 9976
376.417 10805
376.155 11721
375.893 13141
375.631 15020
375.369 16698
375.107 19692
374.845 23135
374.583 28291
374.321 32919
374.059 35863
373.797 34390
373.536 29191
373.274 21822
373.012 16105
372.75 11775
372.488 9782
372.226 8748
371.964 8641
371.702 8384
371.44 8437
371.178 8663
370.916 8884
370.654 9399
370.392 10753
370.13 12088
369.868 14240
369.606 16756
369.344 19840
369.082 24029
368.82 29817
368.558 37303
368.296 44197
368.034 47388
367.772 44099
367.51 35541
367.248 25262
366.986 16215
366.724 10536
366.462 7223
366.2 5603
365.938 4796
365.676 4191
365.414 4022
365.152 3720
364.89 3533
364.628 3329
364.366 3252
364.104 3089
363.842 3158
363.58 3010
363.318 2944
363.056 2923
362.794 2813
362.532 2707
362.27 2710
362.008 2684
361.747 2701
361.485 2649
361.223 2750
360.961 2674
360.699 2575
360.437 2743
360.175 2611
359.913 2620
359.651 2734
359.389 2645
359.127 2664
358.865 2753
358.603 2622
358.341 2568
358.079 2635
357.817 2630
357.555 2717
357.293 2620
357.031 2690
356.769 2701
356.507 2613
356.245 2690
355.983 2667
355.721 2675
355.459 2680
355.197 2677
354.935 2688
354.673 2615
354.411 2688
354.149 2708
353.887 2662
353.625 2752
353.363 2682
353.101 2667
352.839 2714
352.577 2761
352.315 2724
352.053 2662
351.791 2706
351.529 2748
351.267 2680
351.005 2659
350.743 2775
350.481 2792
350.219 2794
349.958 2795
349.696 2744
349.434 2722
349.172 2787
348.91 2755
348.648 2739
348.386 2779
348.124 2738
347.862 2796
347.6 2736
347.338 2803
347.076 2746
346.814 2755
346.552 2780
346.29 2796
346.028 2722
345.766 2684
345.504 2684
345.242 2797
344.98 2702
344.718 2740
344.456 2761
344.194 2718
343.932 2765
343.67 2800
343.408 2715
343.146 2672
342.884 2662
342.622 2650
342.36 2691
342.098 2697
341.836 2698
341.574 2701
341.312 2760
341.05 2754
340.788 2638
340.526 2775
340.264 2748
340.002 2787
339.74 2665
339.478 2729
339.216 2777
338.954 2676
338.692 2736
338.43 2688
338.169 2747
337.907 2720
337.645 2735
337.383 2792
337.121 2714
336.859 2776
336.597 2795
336.335 2772
336.073 2736
335.811 2742
335.549 2771
335.287 2697
335.025 2788
334.763 2831
334.501 2808
334.239 2751
333.977 2772
333.715 2762
333.453 2797
333.191 2719
332.929 2800
332.667 2795
332.405 2752
332.143 2853
331.881 2857
331.619 2779
331.357 2778
331.095 2853
330.833 2829
330.571 2761
330.309 2788
330.047 2755
329.785 2800
329.523 2833
329.261 2768
328.999 2819
328.737 2772
328.475 2732
328.213 2751
327.951 2736
327.689 2774
327.427 2746
327.165 2758
326.903 2829
326.641 2767
326.38 2708
326.118 2842
325.856 2805
325.594 2838
325.332 2685
325.07 2828
324.808 2737
324.546 2710
324.284 2732
324.022 2856
323.76 2816
323.498 2860
323.236 2818
322.974 2698
322.712 2780
322.45 2757
322.188 2858
321.926 2856
321.664 2829
321.402 2851
321.14 2759
320.878 2662
320.616 2846
320.354 2793
320.092 2886
319.83 2798
319.568 2874
319.306 2905
319.044 2785
318.782 2920
318.52 2843
318.258 2805
317.996 2889
317.734 2925
317.472 2861
317.21 2883
316.948 2861
316.686 2954
316.424 2978
316.162 2908
315.9 2921
315.638 2971
315.376 2843
315.114 2980
314.852 3105
314.591 2942
314.329 2940
314.067 2960
313.805 2921
313.543 3017
313.281 2941
313.019 2979
312.757 2896
312.495 2921
312.233 2885
311.971 2992
311.709 2927
311.447 2877
311.185 2932
310.923 2857
310.661 2799
310.399 2791
310.137 2961
309.875 2922
309.613 2923
309.351 2864
309.089 2856
308.827 2965
308.565 2891
308.303 2822
308.041 2914
307.779 2873
307.517 2847
307.255 2844
306.993 2895
306.731 2918
306.469 2881
306.207 2847
305.945 2876
305.683 2913
305.421 2837
305.159 2879
304.897 2923
304.635 2868
304.373 2873
304.111 2864
303.849 2872
303.587 2888
303.325 2953
303.063 2849
302.802 2884
302.54 2825
302.278 2894
302.016 2784
301.754 2917
301.492 2895
301.23 3002
300.968 2970
300.706 2931
300.444 2942
300.182 2806
299.92 2829
299.658 2923
299.396 2869
299.134 2888
298.872 2879
298.61 2936
298.348 2897
298.086 2927
297.824 2836
297.562 2753
297.3 2861
297.038 2829
296.776 2732
296.514 2710
296.252 2712
295.99 2751
295.728 2738
295.466 2621
295.204 2769
294.942 2661
294.68 2708
294.418 2800
294.156 2795
293.894 2726
293.632 2744
293.37 2711
293.108 2750
292.846 2819
292.584 2827
292.322 2793
292.06 2846
291.798 2858
291.536 2873
291.274 2711
291.013 2883
290.751 2719
290.489 2775
290.227 2910
289.965 2807
289.703 2861
289.441 2885
289.179 2918
288.917 3031
288.655 3117
288.393 3290
288.131 3199
287.869 3368
287.607 3450
287.345 3485
287.083 3746
286.821 3914
286.559 4136
286.297 4453
286.035 4716
285.773 5155
285.511 5468
285.249 6022
284.987 6510
284.725 7017
284.463 7300
284.201 7229
283.939 6622
283.677 5860
283.415 4708
283.153 4018
282.891 3444
282.629 3129
282.367 2823
282.105 2827
281.843 2731
281.581 2709
281.319 2685
281.057 2626
280.795 2571
280.533 2663
280.271 2706
280.009 2606
279.747 2645
279.485 2539
279.224 2663
278.962 2557
278.7 2661
278.438 2533
278.176 2597
277.914 2587
277.652 2576
277.39 2572
277.128 2559
276.866 2619
276.604 2551
276.342 2512
276.08 2628
275.818 2613
275.556 2555
275.294 2538
275.032 2589
274.77 2545
274.508 2585
274.246 2606
273.984 2695
273.722 2580
273.46 2570
273.198 2705
272.936 2710
272.674 2599
272.412 2597
272.15 2646
271.888 2637
271.626 2592
271.364 2700
271.102 2718
270.84 2583
270.578 2733
270.316 2629
270.054 2638
269.792 2756
269.53 2802
269.268 2784
269.006 2763
268.744 2730
268.482 2787
268.22 2810
267.958 2675
267.696 2714
267.435 2749
267.173 2686
266.911 2685
266.649 2718
266.387 2655
266.125 2657
265.863 2642
265.601 2671
265.339 2710
265.077 2617
264.815 2718
264.553 2615
264.291 2632
264.029 2683
263.767 2668
263.505 2647
263.243 2728
262.981 2657
262.719 2722
262.457 2774
262.195 2679
261.933 2670
261.671 2596
261.409 2596
261.147 2682
260.885 2704
260.623 2608
260.361 2701
260.099 2578
259.837 2743
259.575 2771
259.313 2644
259.051 2665
258.789 2711
258.527 2694
258.265 2634
258.003 2723
257.741 2689
257.479 2633
257.217 2737
256.955 2670
256.693 2779
256.431 2682
256.169 2621
255.907 2637
255.646 2720
255.384 2685
255.122 2680
254.86 2660
254.598 2722
254.336 2678
254.074 2844
253.812 2675
253.55 2708
253.288 2695
253.026 2639
252.764 2773
252.502 2782
252.24 2700
251.978 2712
251.716 2670
251.454 2731
251.192 2761
250.93 2754
250.668 2756
250.406 2696
250.144 2769
249.882 2742
249.62 2738
249.358 2741
249.096 2743
248.834 2731
248.572 2719
248.31 2810
248.048 2733
247.786 2703
247.524 2761
247.262 2780
247 2826
246.738 2731
246.476 2757
246.214 2672
245.952 2828
245.69 2784
245.428 2844
245.166 2837
244.904 2773
244.642 2787
244.38 2754
244.118 2769
243.857 2773
243.595 2744
243.333 2835
243.071 2659
242.809 2802
242.547 2765
242.285 2789
242.023 2745
241.761 2791
241.499 2790
241.237 2784
240.975 2913
240.713 2804
240.451 2788
240.189 2780
239.927 2833
239.665 2704
239.403 2809
239.141 2874
238.879 2711
238.617 2790
238.355 2833
238.093 2785
237.831 2760
237.569 2782
237.307 2833
237.045 2759
236.783 2813
236.521 2780
236.259 2853
235.997 2832
235.735 2791
235.473 2725
235.211 2726
234.949 2766
234.687 2798
234.425 2799
234.163 2802
233.901 2818
233.639 2838
233.377 2897
233.115 2865
232.853 2777
232.591 2848
232.329 2858
232.068 2888
231.806 2797
231.544 2915
231.282 2825
231.02 2777
230.758 2888
230.496 2857
230.234 2907
229.972 2919
229.71 2897
229.448 2924
229.186 2738
228.924 2868
228.662 2946
228.4 2955
228.138 2738
227.876 2955
227.614 2931
227.352 2941
227.09 2945
226.828 2912
226.566 2914
226.304 2970
226.042 3013
225.78 3050
225.518 3222
225.256 2944
224.994 3016
224.732 3127
224.47 3011
224.208 2944
223.946 2921
223.684 2931
223.422 2842
223.16 2867
222.898 2851
222.636 3003
222.374 2973
222.112 2852
221.85 2907
221.588 2790
221.326 2866
221.064 2931
220.802 2857
220.54 2863
220.278 2825
220.017 2936
219.755 2977
219.493 2830
219.231 2972
218.969 2821
218.707 2927
218.445 2934
218.183 2825
217.921 2894
217.659 2946
217.397 2899
217.135 2820
216.873 2891
216.611 2925
216.349 2932
216.087 2974
215.825 2790
215.563 2931
215.301 2941
215.039 2923
214.777 2848
214.515 2916
214.253 2925
213.991 2888
213.729 2979
213.467 3001
213.205 2958
212.943 2828
212.681 2861
212.419 2913
212.157 2955
211.895 2926
211.633 3049
211.371 2912
211.109 2967
210.847 2941
210.585 3007
210.323 2942
210.061 2953
209.799 2898
209.537 2843
209.275 2928
209.013 2895
208.751 3049
208.489 2928
208.228 2907
207.966 2993
207.704 2869
207.442 2969
207.18 2930
206.918 3025
206.656 2921
206.394 2948
206.132 2977
205.87 2882
205.608 3061
205.346 2942
205.084 2905
204.822 2901
204.56 3081
204.298 2836
204.036 2960
203.774 2968
203.512 3014
203.25 2985
202.988 2995
202.726 2961
202.464 2976
202.202 2960
201.94 2978
201.678 2950
201.416 3001
201.154 3027
200.892 2970
200.63 3035
200.368 3139
200.106 3114
199.844 3073
199.582 3125
199.32 3238
199.058 3228
198.796 3183
198.534 3172
198.272 3270
198.01 3266
197.748 3176
197.486 3191
197.224 3179
196.962 3145
196.7 3113
196.439 3091
196.177 3055
195.915 3036
195.653 2963
195.391 2985
195.129 2944
194.867 3051
194.605 3149
194.343 3080
194.081 3068
193.819 3069
193.557 2986
193.295 3122
193.033 3141
192.771 3034
192.509 3027
192.247 3036
191.985 3132
191.723 2966
191.461 3096
191.199 3097
190.937 3063
190.675 3127
190.413 3014
190.151 3054
189.889 3121
189.627 3148
189.365 3036
189.103 3087
188.841 3096
188.579 3134
188.317 3138
188.055 3078
187.793 3157
187.531 3122
187.269 3079
187.007 3179
186.745 3150
186.483 3050
186.221 3190
185.959 3079
185.697 3131
185.435 3133
185.173 3195
184.911 3287
184.65 3246
184.388 3172
184.126 3218
183.864 3263
183.602 3093
183.34 3198
183.078 3196
182.816 3330
182.554 3263
182.292 3275
182.03 3269
181.768 3256
181.506 3207
181.244 3188
180.982 3303
180.72 3160
180.458 3228
180.196 3223
179.934 3175
179.672 3157
179.41 3122
179.148 3184
178.886 3260
178.624 3140
178.362 3210
178.1 3106
177.838 3158
177.576 3168
177.314 3213
177.052 3169
176.79 3132
176.528 3222
176.266 3140
176.004 3048
175.742 3106
175.48 2989
175.218 3097
174.956 3137
174.694 3049
174.432 3123
174.17 3110
173.908 3039
173.646 3101
173.384 3071
173.122 3007
172.861 3117
172.599 3043
172.337 3041
172.075 3187
171.813 3034
171.551 2940
171.289 3061
171.027 3026
170.765 3021
170.503 3015
170.241 3057
169.979 3062
169.717 3043
169.455 3014
169.193 3062
168.931 3089
168.669 3060
168.407 3084
168.145 3068
167.883 3071
167.621 3176
167.359 3178
167.097 3112
166.835 3198
166.573 3149
166.311 3293
166.049 3444
165.787 3547
165.525 3757
165.263 4096
165.001 4233
164.739 4413
164.477 4779
164.215 4810
163.953 4583
163.691 4333
163.429 4112
163.167 3769
162.905 3769
162.643 3571
162.381 3599
162.119 3585
161.857 3465
161.595 3325
161.333 3441
161.072 3552
160.81 3556
160.548 3752
160.286 3930
160.024 4147
159.762 4452
159.5 4821
159.238 5083
158.976 5258
158.714 4979
158.452 4604
158.19 4010
157.928 3774
157.666 3577
157.404 3397
157.142 3372
156.88 3240
156.618 3087
156.356 2930
156.094 2874
155.832 2812
155.57 2703
155.308 2787
155.046 2771
154.784 2811
154.522 2852
154.26 2796
153.998 2921
153.736 2750
153.474 2661
153.212 2757
152.95 2865
152.688 2738
152.426 2756
152.164 2787
151.902 2761
151.64 2721
151.378 2741
151.116 2584
150.854 2755
150.592 2780
150.33 2718
150.068 2650
149.806 2567
149.544 2685
149.283 2660
149.021 2691
148.759 2625
148.497 2653
148.235 2674
147.973 2677
147.711 2630
147.449 2668
147.187 2686
146.925 2791
146.663 2638
146.401 2668
146.139 2657
145.877 2706
145.615 2631
145.353 2753
145.091 2653
144.829 2723
144.567 2688
144.305 2630
144.043 2706
143.781 2656
143.519 2681
143.257 2688
142.995 2733
142.733 2725
142.471 2618
142.209 2672
141.947 2649
141.685 2709
141.423 2607
141.161 2770
140.899 2720
140.637 2704
140.375 2755
140.113 2632
139.851 2810
139.589 2694
139.327 2721
139.065 2661
138.803 2669
138.541 2714
138.279 2740
138.017 2721
137.755 2780
137.494 2752
137.232 2720
136.97 2713
136.708 2723
136.446 2784
136.184 2636
135.922 2806
135.66 2703
135.398 2734
135.136 2718
134.874 2767
134.612 2719
134.35 2776
134.088 2811
133.826 2763
133.564 2770
133.302 2786
133.04 2716
132.778 2706
132.516 2689
132.254 2809
131.992 2776
131.73 2793
131.468 2768
131.206 2870
130.944 2795
130.682 2767
130.42 2877
130.158 2809
129.896 2843
129.634 2839
129.372 2736
129.11 2710
128.848 2791
128.586 2812
128.324 2804
128.062 2685
127.8 2821
127.538 2916
127.276 2817
127.014 2818
126.752 2844
126.49 2799
126.228 2782
125.966 2820
125.705 2921
125.443 2889
125.181 2788
124.919 2831
124.657 2893
124.395 2774
124.133 2875
123.871 2834
123.609 2805
123.347 2784
123.085 2802
122.823 2877
122.561 2880
122.299 2828
122.037 2818
121.775 2911
121.513 2861
121.251 2805
120.989 2881
120.727 2874
120.465 2869
120.203 2937
119.941 2849
119.679 2835
119.417 2898
119.155 2864
118.893 2858
118.631 2849
118.369 2847
118.107 2776
117.845 2876
117.583 2799
117.321 2872
117.059 2786
116.797 2839
116.535 2894
116.273 2797
116.011 2844
115.749 2805
115.487 2773
115.225 2775
114.963 2879
114.701 2894
114.439 2823
114.177 2823
113.916 2842
113.654 2914
113.392 2823
113.13 2806
112.868 2942
112.606 2807
112.344 2744
112.082 2841
111.82 2802
111.558 2882
111.296 2820
111.034 2813
110.772 2776
110.51 2832
110.248 2897
109.986 2859
109.724 2857
109.462 2913
109.2 2802
108.938 2827
108.676 2886
108.414 2933
108.152 2764
107.89 2811
107.628 2891
107.366 2869
107.104 2911
106.842 2913
106.58 2959
106.318 2815
106.056 2834
105.794 2865
105.532 2806
105.27 2817
105.008 2866
104.746 2837
104.484 2859
104.222 2776
103.96 3031
103.698 3025
103.436 2970
103.174 2987
102.912 3062
102.65 3124
102.388 3144
102.127 3087
101.865 3062
101.603 3155
101.341 3110
101.079 3090
100.817 3125
100.555 3013
100.293 3143
100.031 3128
99.7687 3225
99.5067 3231
99.2447 3332
98.9828 3288
98.7208 3430
98.4588 3486
98.1968 3455
97.9349 3433
97.6729 3490
97.4109 3524
97.1489 3415
96.8869 3495
96.625 3517
96.363 3516
96.101 3467
95.839 3334
95.5771 3306
95.3151 3367
95.0531 3257
94.7911 3238
94.5291 3210
94.2672 3094
94.0052 2962
93.7432 3042
93.4812 2948
93.2193 2904
92.9573 2819
92.6953 2950
92.4333 2865
92.1713 2850
91.9094 2802
91.6474 2794
91.3854 2881
91.1234 2824
90.8615 2814
90.5995 2854
90.3375 2849
90.0755 2764
89.8135 2782
89.5516 2645
89.2896 2768
89.0276 2769
88.7656 2749
88.5037 2788
88.2417 2797
87.9797 2686
87.7177 2646
87.4557 2716
87.1938 2729
86.9318 2719
86.6698 2712
86.4078 2812
86.1459 2751
85.8839 2576
85.6219 2714
85.3599 2749
85.0979 2786
84.836 2678
84.574 2756
84.312 2746
84.05 2659
83.7881 2739
83.5261 2713
83.2641 2690
83.0021 2731
82.7401 2667
82.4782 2749
82.2162 2703
81.9542 2690
81.6922 2712
81.4303 2532
81.1683 2770
80.9063 2688
80.6443 2794
80.3823 2712
80.1204 2660
79.8584 2642
79.5964 2700
79.3344 2722
79.0725 2758
78.8105 2658
78.5485 2634
78.2865 2705
78.0245 2747
77.7626 2655
77.5006 2704
77.2386 2666
76.9766 2676
76.7147 2655
76.4527 2665
76.1907 2678
75.9287 2748
75.6667 2805
75.4048 2712
75.1428 2816
74.8808 2895
74.6188 2816
74.3569 2822
74.0949 2662
73.8329 2695
73.5709 2742
73.3089 2700
73.047 2632
72.785 2712
72.523 2673
72.261 2696
71.9991 2867
71.7371 2904
71.4751 2928
71.2131 2751
70.9511 2845
70.6892 2847
70.4272 2621
70.1652 2638
69.9032 2672
69.6413 2605
69.3793 2647
69.1173 2706
68.8553 2633
68.5933 2609
68.3314 2718
68.0694 2807
67.8074 2839
67.5454 2833
67.2835 2725
67.0215 2802
66.7595 2817
66.4975 2853
66.2355 2919
65.9736 3034
65.7116 2958
65.4496 2925
65.1876 2914
64.9257 3048
64.6637 3030
64.4017 3076
64.1397 3028
63.8777 3146
63.6158 3235
63.3538 3137
63.0918 3183
62.8298 3146
62.5679 3161
62.3059 3179
62.0439 3311
61.7819 3169
61.5199 3302
61.258 3318
60.996 3384
60.734 3431
60.472 3392
60.2101 3377
59.9481 3459
59.6861 3374
59.4241 3507
59.1621 3446
58.9002 3493
58.6382 3393
58.3762 3242
58.1142 3405
57.8523 3415
57.5903 3273
57.3283 3268
57.0663 3209
56.8043 3161
56.5424 3033
56.2804 3019
56.0184 3000
55.7564 2848
55.4945 2840
55.2325 2631
54.9705 2574
54.7085 2531
54.4465 2439
54.1846 2269
53.9226 2504
53.6606 2307
53.3986 2252
53.1367 2154
52.8747 2089
52.6127 2072
52.3507 2007
52.0887 1915
51.8268 1910
51.5648 1801
51.3028 1788
51.0408 1761
50.7789 1806
50.5169 1777
50.2549 1771
49.9929 1709
49.7309 1730
49.469 1586
49.207 1685
48.945 1644
48.683 1645
48.4211 1586
48.1591 1583
47.8971 1559
47.6351 1478
47.3731 1562
47.1112 1521
46.8492 1471
46.5872 1514
46.3252 1484
46.0633 1557
45.8013 1540
45.5393 1464
45.2773 1457
45.0153 1459
44.7534 1483
44.4914 1431
44.2294 1432
43.9674 1442
43.7055 1429
43.4435 1426
43.1815 1404
42.9195 1457
42.6575 1375
42.3956 1405
42.1336 1428
41.8716 1429
41.6096 1458
41.3477 1444
41.0857 1361
40.8237 1458
40.5617 1434
40.2997 1417
40.0378 1317
39.7758 1388
39.5138 1456
39.2518 1389
38.9899 1443
38.7279 1457
38.4659 1432
38.2039 1364
37.9419 1452
37.68 1389
37.418 1444
37.156 1416
36.894 1358
36.6321 1462
36.3701 1472
36.1081 1428
35.8461 1373
35.5841 1439
35.3222 1414
35.0602 1475
34.7982 1459
34.5362 1495
34.2743 1503
34.0123 1422
33.7503 1503
33.4883 1481
33.2263 1439
32.9644 1481
32.7024 1511
32.4404 1492
32.1784 1492
31.9165 1570
31.6545 1503
31.3925 1588
31.1305 1548
30.8685 1485
30.6066 1572
30.3446 1698
30.0826 1628
29.8206 1806
29.5586 1810
29.2967 1740
29.0347 1842
28.7727 1808
28.5107 1790
28.2488 1713
27.9868 1699
27.7248 1698
27.4628 1764
27.2008 1650
26.9389 1757
26.6769 1832
26.4149 1861
26.1529 1891
25.891 1814
25.629 1826
25.367 1686
25.105 1703
24.843 1644
24.5811 1640
24.3191 1587
24.0571 1481
23.7951 1522
23.5332 1454
23.2712 1488
23.0092 1422
22.7472 1435
22.4852 1483
22.2233 1446
21.9613 1355
21.6993 1398
21.4373 1315
21.1754 1321
20.9134 1323
20.6514 1313
20.3894 1314
20.1274 1313
19.8655 1248
19.6035 1212
19.3415 1285
19.0795 1270
18.8176 1255
18.5556 1260
18.2936 1198
18.0316 1224
17.7696 1225
17.5077 1199
17.2457 1198
16.9837 1196
16.7217 1156
16.4598 1135
16.1978 1089
15.9358 1153
15.6738 1158
15.4118 1145
15.1499 1123
14.8879 1144
14.6259 1073
14.3639 1095
14.102 1159
13.84 1123
13.578 1114
13.316 1127
13.054 1060
12.7921 1053
12.5301 1074
12.2681 1048
12.0061 1040
11.7442 1012
11.4822 1033
11.2202 1062
10.9582 1045
10.6962 1076
10.4343 1134
10.1723 1128
9.91031 1166
9.64834 1296
9.38636 1378
9.12438 1437
8.8624 1557
8.60042 1728
8.33845 1913
8.07647 2305
7.81449 2666
7.55251 3042
7.29054 3573
7.02856 4301
6.76658 4925
6.5046 5263
6.24262 5520
5.98065 5834
5.71867 6024
5.45669 6056
5.19471 6133
4.93274 5883
4.67076 5693
4.40878 5133
4.1468 4266
3.88482 3289
3.62285 2476
3.36087 1773
3.09889 1408
2.83691 1023
2.57494 909
2.31296 802
2.05098 701
1.789 605
1.52702 598
1.26505 557
1.00307 551
0.74109 464
0.479113 464
0.217135 401
-0.044843 326
-0.306821 275
-0.568799 258
-0.830776 222
-1.09275 200
-1.35473 217
-1.61671 206
-1.87869 212
-2.14067 172
-2.40264 197
-2.66462 182
-2.9266 196
-3.18858 196
-3.45055 175
-3.71253 180
-3.97451 198
-4.23649 191
-4.49847 193
-4.76044 160
-5.02242 196
-5.2844 200
-5.54638 192
-5.80835 177
-6.07033 180
-6.33231 189
-6.59429 193
-6.85627 191
-7.11824 202
-7.38022 187
-7.6422 183
-7.90418 199
-8.16616 197
-8.42813 184
-8.69011 200
-8.95209 176
-9.21407 175
-9.47604 194
-9.73802 177
-10 179
