278.1 18422 18576.8 18576.8 18576.8 18576.8 18576.8 18576.8 18576.8
278.199 18417 18576.8 18576.8 18576.8 18576.8 18576.8 18576.8 -
278.299 18490.1 18576.8 18576.8 18576.8 18576.8 18576.8 18576.8 -
278.398 18549.9 18576.8 18576.8 18576.8 18576.8 18576.8 18576.8 -
278.497 18561.7 18576.8 18576.8 18576.8 18576.8 18576.8 18576.8 -
278.597 18451.6 18576.8 18576.8 18576.8 18576.8 18576.8 18576.8 -
278.696 18627 18576.8 18576.8 18576.8 18576.8 18576.8 18576.8 -
278.796 18374.9 18576.8 18576.8 18576.8 18576.8 18576.8 18576.8 -
278.895 18488.4 18576.8 18576.8 18576.8 18576.8 18576.8 18576.8 -
278.994 18582.8 18576.8 18576.8 18576.8 18576.8 18576.8 18576.8 -
279.094 18496.1 18576.8 18576.8 18576.8 18576.8 18576.8 18576.8 -
279.193 18372.7 18576.8 18576.8 18576.8 18576.8 18576.8 18576.8 -
279.292 18590.6 18576.8 18576.8 18576.8 18576.8 18576.8 18576.8 -
279.392 18563.1 18576.8 18576.8 18576.8 18576.8 18576.8 18576.8 -
279.491 18490.6 18576.8 18576.8 18576.8 18576.8 18576.8 18576.8 -
279.591 18638.1 18576.8 18576.8 18576.8 18576.8 18576.8 18576.8 -
279.69 18491.1 18576.8 18576.8 18576.8 18576.8 18576.8 18576.8 -
279.789 18380.9 18576.8 18576.8 18576.8 18576.8 18576.8 18576.8 -
279.889 18516.4 18576.8 18576.8 18576.8 18576.8 18576.8 18576.8 -
279.988 18417.8 18576.8 18576.8 18576.8 18576.8 18576.8 18576.8 -
280.087 18389.7 18576.8 18576.8 18576.8 18576.8 18576.8 18576.8 -
280.187 18443.6 18576.8 18576.8 18576.8 18576.8 18576.8 18576.8 -
280.286 18446 18576.8 18576.8 18576.8 18576.8 18576.8 18576.8 -
280.386 18463.8 18576.8 18576.8 18576.8 18576.8 18576.8 18576.8 -
280.485 18477.2 18576.8 18576.8 18576.8 18576.8 18576.8 18576.8 -
280.584 18371 18576.8 18576.8 18576.8 18576.8 18576.8 18576.8 -
280.684 18537.8 18576.9 18576.9 18576.8 18576.8 18576.8 18576.8 -
280.783 18626.4 18576.9 18576.9 18576.8 18576.8 18576.8 18576.8 -
280.882 18604.8 18577.1 18577.1 18576.8 18576.8 18576.8 18576.8 -
280.982 18783 18577.3 18577.3 18576.8 18576.8 18576.8 18576.8 -
281.081 18707.8 18577.7 18577.7 18576.8 18576.8 18576.8 18576.8 -
281.181 18857.6 18578.5 18578.5 18576.8 18576.8 18576.8 18576.8 -
281.28 18570.4 18579.8 18579.8 18576.8 18576.8 18576.8 18576.8 -
281.379 18863.4 18582 18582 18576.8 18576.8 18576.8 18576.8 -
281.479 18658.6 18585.6 18585.6 18576.8 18576.8 18576.8 18576.8 -
281.578 18634 18591.6 18591.6 18576.8 18576.8 18576.8 18576.8 -
281.677 18869.3 18601.2 18601.2 18576.9 18576.9 18576.9 18576.9 -
281.777 18866.1 18616.4 18616.4 18576.9 18576.9 18576.9 18576.9 -
281.876 18787.3 18639.9 18639.9 18577 18577 18577 18577 -
281.976 18971.7 18675.6 18675.6 18577.1 18577 18577 18577 -
282.075 19004 18728.9 18728.8 18577.2 18577.2 18577.2 18577.2 -
282.174 19042.8 18806.9 18806.9 18577.4 18577.4 18577.4 18577.4 -
282.274 19136.7 18919 18919 18577.8 18577.8 18577.8 18577.8 -
282.373 19352.7 19077.2 19077.1 18578.4 18578.3 18578.3 18578.3 -
282.472 19530 19296 19295.9 18579.2 18579.1 18579.1 18579.1 -
282.572 19781.6 19592.9 19592.7 18580.4 18580.2 18580.2 18580.2 -
282.671 20021.5 19987.9 19987.5 18582.1 18581.7 18581.7 18581.7 -
282.771 20431.8 20503.1 20502.5 18584.5 18583.9 18583.9 18583.9 -
282.87 21114.3 21161.8 21160.7 18587.9 18586.8 18586.8 18586.8 -
282.969 21931.2 21986.8 21985 18592.6 18590.8 18590.8 18590.8 -
283.069 22710.4 22998.7 22995.6 18599.1 18596 18596 18596 -
283.168 23791.8 24213.6 24208.4 18608 18602.8 18602.8 18602.8 -
283.267 25263.6 25640.7 25632.1 18620 18611.4 18611.4 18611.4 -
283.367 27054.6 27279.2 27265.3 18636.1 18622.2 18622.2 18622.2 -
283.466 28933.2 29116.7 29094.7 18657.5 18635.4 18635.5 18635.4 -
283.566 30989.1 31127.3 31092.8 18686 18651.5 18651.5 18651.5 -
283.665 33421.7 33270.3 33217.6 18723.4 18670.7 18670.7 18670.7 -
283.764 35614.6 35491.6 35412.2 18772.5 18693.1 18693.1 18693.1 -
283.864 37965.3 37724.6 37607.2 18836.4 18718.9 18718.9 18718.9 -
283.963 39962.3 39894.2 39723.4 18918.8 18748.1 18748.1 18748.1 -
284.062 42180.9 41920.6 41676.8 19024.3 18780.5 18780.6 18780.5 -
284.162 44066.5 43725.5 43383.4 19158 18816 18816.1 18816 -
284.261 45453.9 45237.1 44765.6 19325.7 18854.3 18854.4 18854.3 -
284.361 46717.5 46396.6 45758 19533.1 18894.8 18895 18894.8 -
284.46 47122 47162.4 46312.7 19786.4 18937 18937.3 18937 -
284.559 47133.3 47514 46403 20090.8 18980.3 18980.8 18980.3 -
284.659 47017.6 47453 46025.9 20450.5 19024.1 19024.9 19024.1 -
284.758 46727.1 47003.4 45202.1 20867.9 19067.8 19068.9 19067.8 -
284.857 45830.8 46208.3 43974.6 21342.8 19110.7 19112.2 19110.6 -
284.957 44986.6 45126.3 42404.5 21871.6 19152.3 19154.6 19152.2 -
285.056 43812.3 43825.3 40566.7 22447.2 19192.2 19195.5 19192.1 -
285.156 42394.5 42377.1 38543.8 23058 19230.2 19234.7 19229.9 -
285.255 41233.9 40850.8 36420 23688.8 19266 19272.3 19265.4 -
285.354 39533.5 39308.2 34275.6 24320.4 19299.8 19308.1 19298.6 -
285.454 37966.1 37799.5 32182.5 24930.9 19331.6 19342.5 19329.3 -
285.553 36700 36361.5 30200.2 25496.6 19361.9 19375.7 19357.6 -
285.652 35116.1 35017 28374.4 25994.1 19391.5 19408.2 19383.7 -
285.752 33859 33775.7 26735.8 26401.2 19421.4 19440.5 19407.7 -
285.851 32687.9 32637.1 25301 26699.2 19453 19473.2 19429.8 -
285.951 31574.2 31593.4 24073.9 26874.2 19488.4 19507.1 19450.1 -
286.05 30673.5 30633.3 23048.1 26918.3 19530.1 19542.9 19468.7 -
286.149 29482.5 29744.9 22209.6 26830.3 19581.3 19581.3 19485.9 -
286.249 28575.1 28918.3 21538.9 26615.8 19645.3 19623.1 19501.6 -
286.348 28006.6 28147.6 21013.9 26286.7 19725.9 19669.2 19516.1 -
286.447 27273 27431.1 20611.8 25860.4 19826.5 19720.3 19529.3 -
286.547 26590.7 26770.9 20310.4 25358 19949.6 19777.1 19541.4 -
286.646 26170 26171.3 20089.5 24802.9 20096 19840.5 19552.5 -
286.746 25874 25637.6 19931.3 24219.2 20264.4 19910.8 19562.7 -
286.845 25327.6 25173.3 19820.7 23629.6 20450.5 19988.6 19572 -
286.944 24837.3 24779.1 19745.6 23054.4 20647 20074 19580.6 -
287.044 24526.2 24451.7 19696.1 22510.7 20843.8 20166.9 19588.6 -
287.143 24111.3 24183.4 19665 22011.1 21028.6 20266.9 19596.1 -
287.242 23989 23963.1 19646.5 21564.1 21188.5 20373.3 19603.1 -
287.342 23896.2 23777.6 19636.7 21174.3 21311.1 20485 19609.8 -
287.441 23561 23613.4 19632.5 20842.6 21386.4 20600.4 19616.2 -
287.541 23396.1 23458.1 19632.1 20566.9 21408.3 20717.8 19622.3 -
287.64 23309.2 23302.7 19634 20342.9 21375.5 20835 19628.2 -
287.739 23080.3 23141.7 19637.2 20165.2 21291.3 20949.5 19633.9 -
287.839 22997.8 22973.4 19641.1 20027.4 21163.8 21058.8 19639.2 -
287.938 22852.4 22799.7 19645.4 19922.9 21004.1 21160.4 19644.4 -
288.037 22472.9 22624.4 19649.8 19845.6 20825.1 21251.5 19649.2 -
288.137 22180.1 22452.3 19654.1 19789.9 20639.9 21329.8 19653.8 -
288.236 22297.2 22287.9 19658.2 19750.7 20459.9 21393.3 19658.1 -
288.336 22247.9 22134.2 19662.2 19724.1 20294.3 21440 19662.1 -
288.435 22163.1 21992.9 19665.9 19706.6 20149.2 21468.8 19665.9 -
288.534 21969.7 21863.5 19669.5 19695.8 20027.7 21479 19669.5 -
288.634 21886.7 21744.4 19672.8 19689.5 19930.3 21470.2 19672.8 -
288.733 21803.5 21632.9 19676 19686.4 19855.5 21443 19676 -
288.832 21558.7 21525.9 19679 19685.4 19800.3 21398.3 19679 -
288.932 21344.4 21420.7 19681.9 19685.7 19761.3 21337.4 19681.9 -
289.031 21214.3 21315.1 19684.5 19686.8 19735 21262.4 19684.5 -
289.131 21127.2 21207.7 19687 19688.3 19718.1 21175.3 19687 -
289.23 20986 21098 19689.4 19690.1 19708 21078.7 19689.4 -
289.329 20842.2 20986.4 19691.5 19691.9 19702.3 20975.2 19691.5 -
289.429 20695.8 20873.6 19693.5 19693.7 19699.6 20867.3 19693.5 -
289.528 20563.8 20761 19695.3 19695.4 19698.6 20757.6 19695.3 -
289.627 20521.4 20650.2 19697 19697 19698.7 20648.4 19697 -
289.727 20701.8 20542.8 19698.4 19698.5 19699.3 20541.9 19698.4 -
289.826 20681 20440.2 19699.7 19699.7 19700.2 20439.7 19699.7 -
289.926 20459 20343.6 19700.9 19700.9 19701.1 20343.4 19700.9 -
290.025 20166.2 20254.2 19701.8 19701.8 19701.9 20254 19701.8 -
290.124 20185 20172.4 19702.7 19702.7 19702.7 20172.4 19702.7 -
290.224 20146.1 20098.8 19703.4 19703.4 19703.4 20098.8 19703.4 -
290.323 20068.9 20033.4 19704 19704 19704 20033.4 19704 -
290.422 19966.8 19976.1 19704.5 19704.5 19704.5 19976.1 19704.5 -
290.522 20146.9 19926.6 19704.9 19704.9 19704.9 19926.6 19704.9 -
290.621 20238.7 19884.3 19705.3 19705.3 19705.3 19884.3 19705.3 -
290.721 19944 19848.6 19705.6 19705.6 19705.6 19848.6 19705.6 -
290.82 20055.4 19819 19705.8 19705.8 19705.8 19819 19705.8 -
290.919 20101.7 19794.6 19705.9 19705.9 19705.9 19794.6 19705.9 -
291.019 19991.9 19774.8 19706.1 19706.1 19706.1 19774.8 19706.1 -
291.118 19837 19758.9 19706.2 19706.2 19706.2 19758.9 19706.2 -
291.217 19990.1 19746.3 19706.3 19706.3 19706.3 19746.3 19706.3 -
291.317 19741.2 19736.4 19706.3 19706.3 19706.3 19736.4 19706.3 -
291.416 19681.3 19728.7 19706.4 19706.4 19706.4 19728.7 19706.4 -
291.516 19703.1 19722.8 19706.4 19706.4 19706.4 19722.8 19706.4 -
291.615 19614.3 19718.4 19706.4 19706.4 19706.4 19718.4 19706.4 -
291.714 19751.1 19715.1 19706.5 19706.5 19706.5 19715.1 19706.5 -
291.814 19740.1 19712.6 19706.5 19706.5 19706.5 19712.6 19706.5 -
291.913 19703.9 19710.8 19706.5 19706.5 19706.5 19710.8 19706.5 -
292.012 19700.8 19709.5 19706.5 19706.5 19706.5 19709.5 19706.5 -
292.112 19607.1 19708.6 19706.5 19706.5 19706.5 19708.6 19706.5 -
292.211 19452 19707.9 19706.5 19706.5 19706.5 19707.9 19706.5 -
292.311 19913.9 19707.5 19706.5 19706.5 19706.5 19707.5 19706.5 -
292.41 19848 19707.1 19706.5 19706.5 19706.5 19707.1 19706.5 -
292.509 19509.5 19706.9 19706.5 19706.5 19706.5 19706.9 19706.5 -
292.609 19718.3 19706.8 19706.5 19706.5 19706.5 19706.8 19706.5 -
292.708 19719.1 19706.7 19706.5 19706.5 19706.5 19706.7 19706.5 -
292.807 19563.5 19706.6 19706.5 19706.5 19706.5 19706.6 19706.5 -
292.907 19454.2 19706.6 19706.5 19706.5 19706.5 19706.6 19706.5 -
293.006 19560.1 19706.5 19706.5 19706.5 19706.5 19706.5 19706.5 -
293.106 19501.5 19706.5 19706.5 19706.5 19706.5 19706.5 19706.5 -
293.205 19736.6 19706.5 19706.5 19706.5 19706.5 19706.5 19706.5 -
293.304 19572.1 19706.5 19706.5 19706.5 19706.5 19706.5 19706.5 -
293.404 19480.1 19706.5 19706.5 19706.5 19706.5 19706.5 19706.5 -
293.503 19334.1 19706.5 19706.5 19706.5 19706.5 19706.5 19706.5 -
293.602 19514.3 19706.5 19706.5 19706.5 19706.5 19706.5 19706.5 -
293.702 19142.1 19706.5 19706.5 19706.5 19706.5 19706.5 19706.5 -
293.801 19515.1 19706.5 19706.5 19706.5 19706.5 19706.5 19706.5 -
293.901 19518.7 19706.5 19706.5 19706.5 19706.5 19706.5 19706.5 -
294 19320 19706.5 19706.5 19706.5 19706.5 19706.5 19706.5 19706.5
