65.1 121273 119116 99638.3 119039 99561 119116
65.1994 120074 119110 99613.2 119030 99533.6 -
65.2988 119313 119046 99588.1 118965 99506.2 -
65.3982 119270 118926 99563.3 118841 99478.8 -
65.4976 118236 118749 99538.6 118662 99451.5 -
65.5971 117987 118517 99514.4 118427 99424.5 -
65.6965 117794 118232 99490.5 118140 99397.8 -
65.7959 117724 117897 99467.2 117801 99371.4 -
65.8953 116493 117514 99444.4 117415 99345.4 -
65.9947 115893 117086 99422.3 116984 99319.9 -
66.0941 115884 116617 99401 116511 99295 -
66.1935 114931 116110 99380.5 116001 99270.8 -
66.2929 114094 115570 99360.8 115457 99247.2 -
66.3923 113704 115001 99342.2 114883 99224.3 -
66.4918 112691 114406 99324.5 114284 99202.2 -
66.5912 112766 113791 99307.9 113664 99180.9 -
66.6906 111823 113159 99292.4 113027 99160.4 -
66.79 111433 112516 99278 112379 99140.8 -
66.8894 110941 111865 99264.9 111722 99122.1 -
66.9888 110658 111210 99253 111061 99104.2 -
67.0882 109890 110556 99242.4 110400 99087.2 -
67.1876 108666 109906 99233.1 109744 99071.2 -
67.2871 108765 109263 99225.2 109094 99056 -
67.3865 108223 108632 99218.7 108455 99041.7 -
67.4859 107965 108015 99213.6 107830 99028.3 -
67.5853 107557 107415 99210 107221 99015.7 -
67.6847 107017 106834 99207.9 106630 99003.9 -
67.7841 106071 106275 99207.4 106061 98992.9 -
67.8835 105962 105739 99208.4 105513 98982.7 -
67.9829 105397 105227 99211.2 104989 98973.2 -
68.0823 104793 104741 99215.7 104490 98964.5 -
68.1818 105010 104282 99222 104016 98956.4 -
68.2812 104766 103850 99230.4 103569 98948.9 -
68.3806 103786 103446 99240.8 103148 98942.1 -
68.48 103645 103071 99253.4 102753 98935.8 -
68.5794 102986 102723 99268.5 102384 98930 -
68.6788 102762 102403 99286.2 102041 98924.6 -
68.7782 103046 102110 99306.9 101723 98919.8 -
68.8776 102279 101845 99330.9 101430 98915.3 -
68.9771 102055 101607 99358.6 101160 98911.2 -
69.0765 101556 101395 99390.5 100912 98907.4 -
69.1759 101512 101209 99427.3 100686 98903.9 -
69.2753 101192 101049 99469.7 100480 98900.7 -
69.3747 100783 100914 99518.8 100293 98897.7 -
69.4741 100607 100805 99576 100124 98894.9 -
69.5735 100865 100722 99643 99971.5 98892.2 -
69.6729 100988 100668 99722.5 99834.7 98889.6 -
69.7723 100465 100643 99818.4 99712.1 98887.1 -
69.8718 100277 100654 99936 99602.6 98884.7 -
69.9712 100371 100706 100083 99505.1 98882.2 -
70.0706 100567 100811 100272 99418.5 98879.6 -
70.17 100472 100981 100517 99341.6 98876.9 -
70.2694 101065 101236 100837 99273.4 98874 -
70.3688 102126 101599 101257 99213 98870.7 -
70.4682 102474 102094 101801 99159.2 98866.8 -
70.5676 102940 102746 102497 99111.3 98862.3 -
70.6671 103936 103574 103363 99068.2 98856.9 -
70.7665 105057 104588 104409 99029 98850.3 -
70.8659 105856 105774 105623 98992.9 98842.2 -
70.9653 107156 107080 106953 98959.1 98832.5 -
71.0647 108613 108391 108285 98927 98821 -
71.1641 109100 109511 109422 98896 98807.6 -
71.2635 109710 110188 110114 98866 98792.6 -
71.3629 110030 110255 110194 98837.4 98776.6 -
71.4623 109701 109944 109894 98810.6 98760.5 -
71.5618 109527 109363 109321 98785.9 98744.8 -
71.6612 109045 108585 108551 98763.5 98730 -
71.7606 108012 107695 107667 98743.4 98716.2 -
71.86 106760 106765 106743 98725.5 98703.6 -
71.9594 105762 105851 105833 98709.9 98692.3 -
72.0588 105168 104989 104975 98696.2 98682.2 -
72.1582 104418 104201 104190 98684.4 98673.4 -
72.2576 103365 103498 103490 98674.2 98665.7 -
72.3571 102352 102885 102878 98665.5 98658.9 -
72.4565 101838 102358 102353 98657.9 98653 -
72.5559 101279 101915 101911 98651.4 98647.8 -
72.6553 101034 101549 101546 98645.7 98643.2 -
72.7547 100965 101251 101250 98640.8 98639.1 -
72.8541 100463 101017 101016 98636.5 98635.5 -
72.9535 100397 100837 100837 98632.6 98632.1 -
73.0529 100391 100708 100708 98629.1 98629 -
73.1523 99883.1 100624 100625 98625.8 98626.1 -
73.2518 99832.7 100586 100587 98622.7 98623.3 -
73.3512 100213 100595 100596 98619.8 98620.6 -
73.4506 100085 100657 100658 98616.9 98617.8 -
73.55 100156 100782 100783 98613.9 98615 -
73.6494 100497 100983 100984 98610.8 98611.9 -
73.7488 100807 101276 101278 98607.4 98608.6 -
73.8482 101513 101681 101682 98603.6 98604.9 -
73.9476 102408 102212 102213 98599.3 98600.5 -
74.0471 103106 102882 102883 98594.2 98595.5 -
74.1465 104042 103688 103689 98588.2 98589.5 -
74.2459 105131 104609 104610 98581.1 98582.3 -
74.3453 105681 105583 105585 98572.6 98573.9 -
74.4447 106495 106496 106497 98562.8 98564.1 -
74.5441 107069 107171 107173 98551.7 98553 -
74.6435 106946 107427 107428 98539.6 98540.9 -
74.7429 106947 107289 107291 98527.2 98528.4 -
74.8423 107034 106927 106928 98515 98516.1 -
74.9418 106441 106387 106388 98503.2 98504.4 -
75.0412 105759 105732 105733 98492.2 98493.3 -
75.1406 105427 105021 105022 98482 98483.2 -
75.24 104867 104302 104303 98472.9 98474 -
75.3394 104034 103610 103611 98464.7 98465.8 -
75.4388 103317 102965 102966 98457.6 98458.6 -
75.5382 103105 102380 102381 98451.3 98452.3 -
75.6376 102243 101860 101861 98445.8 98446.8 -
75.7371 101672 101404 101405 98441 98442 -
75.8365 101586 101010 101011 98436.9 98437.9 -
75.9359 101066 100674 100675 98433.3 98434.3 -
76.0353 100464 100390 100391 98430.2 98431.1 -
76.1347 100326 100151 100152 98427.4 98428.4 -
76.2341 100080 99951.1 99952.1 98425.1 98426 -
76.3335 99606.4 99784.1 99785 98422.9 98423.9 -
76.4329 99740.9 99644.3 99645.2 98421 98421.9 -
76.5323 99572.7 99526.8 99527.6 98419.3 98420.2 -
76.6318 99619.5 99427.3 99428.2 98417.8 98418.7 -
76.7312 99346.3 99342.5 99343.3 98416.4 98417.3 -
76.8306 98957.1 99269.4 99270.2 98415.1 98416 -
76.93 98984.7 99205.7 99206.6 98413.9 98414.8 -
77.0294 99130.1 99149.8 99150.6 98412.8 98413.7 -
77.1288 99039 99100.2 99101 98411.8 98412.6 -
77.2282 98367.8 99055.8 99056.6 98410.9 98411.7 -
77.3276 98593.3 99015.9 99016.7 98410 98410.8 -
77.4271 98425.2 98979.7 98980.5 98409.2 98409.9 -
77.5265 98613.5 98946.8 98947.6 98408.4 98409.1 -
77.6259 98446.3 98916.7 98917.5 98407.6 98408.4 -
77.7253 98601.8 98889.1 98889.9 98406.9 98407.7 -
77.8247 98696.5 98863.8 98864.5 98406.3 98407 -
77.9241 98795.4 98840.3 98841 98405.6 98406.3 -
78.0235 98948.3 98818.7 98819.4 98405 98405.7 -
78.1229 99080.1 98798.6 98799.3 98404.5 98405.2 -
78.2223 99192.4 98779.9 98780.6 98403.9 98404.6 -
78.3218 98693 98762.6 98763.2 98403.4 98404.1 -
78.4212 98536.9 98746.4 98747 98402.9 98403.6 -
78.5206 99031.6 98731.2 98731.9 98402.4 98403.1 -
78.62 98777.8 98717.1 98717.7 98402 98402.6 -
78.7194 98584.9 98703.8 98704.5 98401.6 98402.2 -
78.8188 98920.9 98691.4 98692 98401.2 98401.8 -
78.9182 98853.4 98679.7 98680.3 98400.8 98401.4 -
79.0176 98375 98668.7 98669.3 98400.4 98401 -
79.1171 99251.9 98658.3 98658.9 98400 98400.6 -
79.2165 98476.2 98648.5 98649.1 98399.7 98400.2 -
79.3159 99205.8 98639.2 98639.8 98399.3 98399.9 -
79.4153 99335.7 98630.5 98631 98399 98399.6 -
79.5147 98587.2 98622.2 98622.7 98398.7 98399.2 -
79.6141 98384.5 98614.3 98614.9 98398.4 98398.9 -
79.7135 98569.7 98606.8 98607.4 98398.1 98398.6 -
79.8129 99136.2 98599.8 98600.3 98397.8 98398.3 -
79.9123 99312.3 98593 98593.6 98397.5 98398 -
80.0118 99301.7 98586.6 98587.1 98397.2 98397.8 -
80.1112 98890.1 98580.5 98581 98397 98397.5 -
80.2106 98886.6 98574.7 98575.2 98396.7 98397.3 -
80.31 98643.6 98569.1 98569.6 98396.5 98397 -
80.4094 98617.7 98563.8 98564.3 98396.3 98396.8 -
80.5088 98680.9 98558.7 98559.2 98396 98396.5 -
80.6082 98902.3 98553.8 98554.3 98395.8 98396.3 -
80.7076 99316.7 98549.2 98549.7 98395.6 98396.1 -
80.8071 99443.6 98544.7 98545.2 98395.4 98395.9 -
80.9065 99525.8 98540.5 98540.9 98395.2 98395.7 -
81.0059 98912.9 98536.4 98536.8 98395 98395.5 -
81.1053 99314.7 98532.5 98532.9 98394.8 98395.3 -
81.2047 99121.5 98528.7 98529.1 98394.6 98395.1 -
81.3041 99641.5 98525 98525.5 98394.4 98394.9 -
81.4035 99237.1 98521.6 98522 98394.3 98394.7 -
81.5029 99289.6 98518.2 98518.6 98394.1 98394.5 -
81.6023 99118.5 98515 98515.4 98393.9 98394.3 -
81.7018 99473.1 98511.9 98512.3 98393.7 98394.2 -
81.8012 99470.9 98508.9 98509.3 98393.6 98394 -
81.9006 99051 98506 98506.4 98393.4 98393.9 -
82 99888 98503.2 98503.6 98393.3 98393.7 98503.2
