150.1 172055 174064 180128 180276 180276 174212 180276 174064
150.2 172349 174057 180109 180260 180260 174209 180260 -
150.299 172017 174071 180089 180244 180244 174226 180244 -
150.399 172525 174105 180069 180228 180228 174264 180228 -
150.498 171919 174158 180049 180212 180212 174321 180212 -
150.598 171940 174231 180029 180196 180196 174398 180196 -
150.697 172186 174322 180009 180180 180180 174493 180180 -
150.797 171936 174430 179989 180165 180165 174606 180165 -
150.896 172829 174554 179969 180150 180150 174734 180150 -
150.996 172584 174692 179950 180135 180135 174877 180135 -
151.095 172129 174843 179931 180121 180121 175034 180121 -
151.195 172764 175006 179912 180107 180107 175202 180107 -
151.294 172522 175179 179893 180094 180094 175381 180094 -
151.394 173131 175360 179874 180081 180081 175568 180081 -
151.493 173653 175548 179856 180069 180069 175761 180069 -
151.593 173313 175740 179837 180057 180057 175960 180057 -
151.692 173560 175936 179819 180046 180046 176163 180046 -
151.792 174194 176134 179802 180035 180035 176367 180035 -
151.891 173566 176331 179784 180025 180025 176572 180025 -
151.991 173939 176528 179767 180015 180015 176776 180015 -
152.09 174326 176721 179749 180006 180006 176978 180006 -
152.19 174626 176911 179732 179998 179998 177176 179998 -
152.289 174108 177096 179715 179990 179990 177370 179990 -
152.389 175362 177274 179698 179982 179982 177558 179982 -
152.488 175626 177446 179681 179975 179975 177740 179975 -
152.588 176190 177609 179663 179968 179968 177914 179968 -
152.687 176102 177765 179646 179962 179962 178081 179962 -
152.787 177114 177911 179628 179956 179956 178240 179956 -
152.886 177634 178048 179610 179951 179951 178389 179951 -
152.986 178143 178176 179592 179946 179946 178531 179946 -
153.085 178009 178294 179573 179942 179942 178663 179942 -
153.185 179155 178402 179553 179937 179937 178786 179937 -
153.284 179097 178500 179532 179933 179933 178900 179933 -
153.384 179723 178588 179511 179929 179929 179006 179929 -
153.483 179615 178666 179489 179926 179926 179103 179926 -
153.583 179356 178735 179465 179923 179923 179192 179923 -
153.682 180004 178794 179440 179920 179920 179273 179920 -
153.782 180221 178844 179414 179917 179917 179346 179917 -
153.881 179893 178885 179386 179914 179914 179413 179914 -
153.981 180409 178917 179356 179911 179911 179472 179911 -
154.08 180579 178941 179324 179909 179909 179525 179909 -
154.18 180017 178956 179289 179906 179906 179573 179906 -
154.279 180066 178963 179252 179904 179904 179615 179904 -
154.379 180578 178962 179212 179901 179901 179652 179901 -
154.478 180224 178954 179168 179899 179899 179684 179899 -
154.578 180572 178938 179122 179896 179896 179712 179896 -
154.677 179810 178916 179074 179894 179894 179736 179894 -
154.777 179575 178889 179024 179891 179891 179757 179891 -
154.876 179660 178860 178974 179889 179889 179774 179889 -
154.976 179159 178832 178929 179886 179886 179789 179886 -
155.075 179042 178812 178894 179883 179883 179802 179883 -
155.175 179435 178809 178878 179880 179880 179812 179880 -
155.274 179002 178837 178894 179878 179877 179820 179877 -
155.374 179311 178916 178963 179875 179875 179827 179875 -
155.473 179256 179070 179109 179873 179872 179833 179872 -
155.573 179956 179335 179366 179872 179870 179837 179870 -
155.672 180206 179749 179773 179872 179869 179842 179869 -
155.772 180555 180362 180378 179875 179868 179846 179868 -
155.871 180224 181223 181229 179882 179870 179851 179870 -
155.971 182095 182382 182375 179894 179873 179858 179873 -
156.07 183312 183881 183856 179916 179880 179868 179880 -
156.17 185872 185748 185696 179953 179890 179880 179890 -
156.269 187495 187989 187893 180010 179906 179898 179906 -
156.369 189324 190579 190414 180098 179927 179920 179927 -
156.468 192119 193459 193188 180231 179954 179949 179954 -
156.568 194780 196537 196103 180428 179990 179986 179990 -
156.667 198154 199698 199019 180715 180033 180030 180033 -
156.767 201457 202814 201772 181129 180084 180082 180084 -
156.866 205306 205774 204204 181716 180144 180142 180144 -
156.966 208920 208504 206182 182534 180211 180209 180211 -
157.065 212561 210989 207616 183659 180284 180283 180284 -
157.165 215036 213275 208461 185180 180365 180364 180365 -
157.264 216904 215455 208705 187201 180451 180450 180451 -
157.364 218639 217612 208314 189840 180542 180541 180542 -
157.463 220940 219864 207280 193223 180639 180638 180639 -
157.563 223176 222364 205631 197475 180741 180741 180741 -
157.662 225003 225304 203443 202712 180850 180850 180850 -
157.762 227895 228908 200846 209028 180966 180966 180966 -
157.861 232649 233403 198011 216483 181091 181091 181091 -
157.961 237645 238979 195123 225083 181228 181228 181228 -
158.06 243675 245746 192351 234772 181380 181378 181378 -
158.16 251847 253707 189835 245416 181550 181546 181547 -
158.259 260924 262737 187666 256800 181741 181735 181735 -
158.359 270836 272587 185895 268627 181958 181946 181946 -
158.458 281743 282896 184531 280527 182204 182183 182183 -
158.558 292767 293217 183553 292072 182485 182446 182446 -
158.657 303264 303051 182916 302802 182804 182735 182735 -
158.757 312566 311889 182569 312252 183168 183049 183049 -
158.856 320071 319254 182451 319989 183586 183386 183386 -
158.956 325542 324742 182510 325643 184070 183741 183741 -
159.055 328734 328056 182695 328940 184638 184109 184109 -
159.155 328936 329031 182964 329721 185315 184485 184485 -
159.254 327182 327652 183283 327958 186134 184862 184862 -
159.354 323135 324050 183627 323758 187135 185235 185235 -
159.453 316428 318497 183974 317350 188368 185597 185597 -
159.553 308635 311375 184311 309066 189887 185944 185944 -
159.652 300754 303147 184627 299317 191747 186272 186272 -
159.752 292656 294315 184916 288556 193997 186577 186577 -
159.851 283683 285377 185176 277246 196671 186858 186858 -
159.951 275727 276786 185406 265829 199782 187115 187115 -
160.05 268724 268915 185610 254699 203305 187350 187350 -
160.15 262266 262028 185795 244181 207176 187563 187563 -
160.249 257061 256268 185972 234522 211288 187757 187757 -
160.349 252738 251658 186156 225887 215487 187936 187936 -
160.448 249240 248110 186370 218362 219582 188102 188102 -
160.548 246114 245452 186643 211965 223362 188259 188259 -
160.647 243752 243463 187014 206655 226609 188408 188408 -
160.747 241479 241905 187534 202352 229123 188552 188552 -
160.846 239757 240568 188262 198946 230742 188691 188691 -
160.946 239311 239291 189269 196315 231361 188827 188827 -
161.045 238179 237989 190628 194333 230945 188958 188958 -
161.145 236265 236657 192415 192880 229535 189087 189086 -
161.244 235024 235359 194694 191847 227239 189211 189211 -
161.344 234300 234212 197509 191142 224223 189331 189331 -
161.443 234085 233352 200869 190689 220691 189448 189448 -
161.543 233832 232902 204735 190427 216865 189563 189563 -
161.642 233582 232936 209013 190316 212960 189676 189676 -
161.742 234511 233463 213548 190326 209167 189789 189789 -
161.841 235057 234415 218133 190446 205643 189903 189903 -
161.941 235555 235657 222524 190677 202496 190019 190019 -
162.04 236791 237017 226473 191031 199790 190139 190139 -
162.14 238147 238323 229761 191536 197547 190261 190261 -
162.239 239179 239446 232233 192231 195755 190386 190386 -
162.339 240052 240318 233804 193169 194374 190515 190515 -
162.438 240537 240926 234445 194417 193353 190645 190645 -
162.538 241038 241253 234119 196054 192631 190776 190776 -
162.637 240794 241294 232792 198170 192147 190908 190908 -
162.737 240524 241121 230493 200858 191848 191039 191039 -
162.836 240237 240876 227315 204216 191685 191170 191170 -
162.936 240409 240788 223437 208332 191619 191300 191300 -
163.035 240999 241148 219107 213276 191623 191429 191429 -
163.135 242530 242254 214606 219092 191674 191559 191559 -
163.234 245244 244364 210205 225784 191758 191691 191691 -
163.334 248659 247643 206127 233307 191867 191829 191829 -
163.433 253445 252137 202534 241555 191996 191974 191974 -
163.533 259062 257763 199519 250361 192145 192131 192131 -
163.632 265223 264314 197110 259495 192314 192303 192303 -
163.732 272318 271478 195286 268670 192504 192491 192491 -
163.831 279737 278866 193989 277555 192716 192697 192697 -
163.931 287245 286045 193141 285795 192954 192922 192922 -
164.03 293673 292578 192657 293034 193218 193165 193165 -
164.13 299098 298056 192455 298938 193512 193425 193425 -
164.229 302940 302131 192461 303227 193839 193698 193698 -
164.329 305428 304544 192613 305691 194203 193981 193981 -
164.428 305716 305144 192860 306212 194611 194270 194270 -
164.528 304444 303892 193164 304773 195073 194559 194559 -
164.627 301298 300867 193498 301460 195599 194845 194845 -
164.727 296308 296251 193839 296454 196201 195122 195122 -
164.826 290258 290310 194175 290012 196894 195386 195386 -
164.926 283930 283373 194495 282454 197691 195633 195633 -
165.025 277005 275799 194795 274128 198602 195863 195863 -
165.125 268789 267947 195069 265391 199629 196071 196071 -
165.224 261003 260153 195318 256583 200770 196259 196259 -
165.324 254078 252699 195542 248003 202006 196426 196426 -
165.423 247170 245806 195740 239901 203310 196573 196573 -
165.523 241413 239618 195916 232463 204640 196701 196701 -
165.622 235287 234203 196072 225815 205943 196813 196813 -
165.722 230367 229562 196209 220018 207156 196911 196911 -
165.821 226468 225642 196332 215086 208217 196996 196996 -
165.921 223636 222347 196440 210985 209064 197071 197071 -
166.02 220002 219562 196538 207652 209646 197137 197137 -
166.12 216997 217167 196625 205003 209930 197195 197195 -
166.219 214065 215051 196704 202943 209898 197248 197248 -
166.319 212248 213124 196776 201377 209559 197294 197294 -
166.418 209748 211321 196841 200210 208940 197335 197335 -
166.518 207879 209604 196899 199361 208088 197372 197372 -
166.617 206797 207960 196951 198756 207060 197404 197404 -
166.717 205451 206393 196998 198335 205924 197431 197431 -
166.816 203398 204920 197039 198048 204743 197455 197455 -
166.916 203125 203562 197075 197857 203579 197474 197474 -
167.015 202048 202339 197107 197732 202481 197490 197490 -
167.115 201696 201266 197134 197654 201484 197503 197503 -
167.214 200763 200349 197158 197605 200612 197513 197513 -
167.314 199511 199588 197178 197576 199875 197520 197520 -
167.413 199289 198975 197196 197558 199271 197526 197526 -
167.513 199470 198494 197212 197548 198793 197529 197529 -
167.612 199036 198128 197225 197543 198424 197532 197532 -
167.712 199192 197858 197237 197539 198148 197533 197533 -
167.811 198234 197665 197248 197538 197948 197534 197534 -
167.911 198755 197531 197258 197536 197806 197535 197535 -
168.01 198255 197442 197267 197536 197708 197535 197535 -
168.11 197795 197384 197275 197535 197643 197534 197534 -
168.209 198248 197349 197283 197534 197600 197534 197534 -
168.309 198088 197330 197290 197534 197573 197533 197533 -
168.408 197861 197320 197297 197533 197556 197533 197533 -
168.508 197883 197316 197303 197532 197545 197532 197532 -
168.607 197728 197317 197309 197532 197539 197532 197532 -
168.707 197231 197319 197315 197531 197535 197531 197531 -
168.806 197071 197323 197321 197531 197533 197531 197531 -
168.906 197864 197327 197326 197530 197531 197530 197530 -
169.005 197630 197332 197331 197530 197530 197530 197530 -
169.105 197308 197336 197336 197529 197529 197529 197529 -
169.204 198090 197341 197341 197529 197529 197529 197529 -
169.304 196475 197345 197345 197528 197528 197528 197528 -
169.403 197032 197350 197350 197528 197528 197528 197528 -
169.503 196863 197354 197354 197527 197527 197527 197527 -
169.602 196691 197358 197358 197527 197527 197527 197527 -
169.702 196735 197361 197361 197526 197526 197526 197526 -
169.801 196055 197365 197365 197526 197526 197526 197526 -
169.901 196414 197369 197369 197525 197525 197525 197525 -
170 195991 197372 197372 197525 197525 197525 197525 197372
