362.1 18926 18549 18549 16260 16260 18549
362.2 19465.3 18629.7 18629.7 16267.6 16267.6 -
362.299 19277.9 18714.3 18714.3 16275.5 16275.5 -
362.399 19347.9 18803.2 18803.2 16283.6 16283.6 -
362.498 19713.6 18896.5 18896.5 16292.1 16292.1 -
362.598 19115.5 18994.6 18994.6 16300.7 16300.7 -
362.697 19457.9 19097.9 19097.9 16309.7 16309.7 -
362.797 19457.4 19206.7 19206.7 16319 16319 -
362.896 19787.2 19321.5 19321.5 16328.7 16328.7 -
362.996 19689.3 19442.6 19442.6 16338.6 16338.6 -
363.095 19834.1 19570.7 19570.7 16349 16349 -
363.195 19680.4 19706.2 19706.2 16359.7 16359.7 -
363.294 19901.3 19849.8 19849.8 16370.9 16370.9 -
363.394 20075.9 20002.1 20002.1 16382.5 16382.5 -
363.493 20343.7 20163.8 20163.8 16394.6 16394.6 -
363.593 20548.9 20335.9 20335.9 16407.1 16407.1 -
363.692 20614.6 20519.2 20519.2 16420.3 16420.3 -
363.792 20761.7 20714.7 20714.7 16433.9 16433.9 -
363.891 20940.6 20923.6 20923.6 16448.2 16448.2 -
363.991 21212.2 21147.2 21147.2 16463.1 16463.1 -
364.09 21291.2 21386.9 21386.9 16478.8 16478.8 -
364.19 21566.4 21644.4 21644.4 16495.1 16495.1 -
364.289 21780.5 21921.4 21921.4 16512.3 16512.3 -
364.389 22229.6 22220 22220 16530.3 16530.3 -
364.488 22791.9 22542.7 22542.7 16549.3 16549.3 -
364.588 23328.3 22892.1 22892.1 16569.3 16569.3 -
364.687 23713.4 23271.2 23271.2 16590.4 16590.4 -
364.787 24068.1 23683.7 23683.7 16612.7 16612.7 -
364.886 24599.3 24133.7 24133.7 16636.3 16636.3 -
364.986 24858.4 24625.8 24625.8 16661.3 16661.3 -
365.085 25566.5 25165.5 25165.5 16687.8 16687.8 -
365.185 26083.2 25759.4 25759.4 16716.1 16716.1 -
365.284 27162.3 26414.9 26414.9 16746.3 16746.3 -
365.384 27598.7 27141 27141 16778.5 16778.5 -
365.483 28732.6 27948.2 27948.2 16813.1 16813.1 -
365.583 29655.4 28849.1 28849.1 16850.2 16850.2 -
365.682 30839.7 29859 29859 16890.3 16890.3 -
365.782 31960.2 30996.1 30996.1 16933.5 16933.5 -
365.881 33455.8 32283.3 32283.3 16980.4 16980.4 -
365.981 35216.1 33749.3 33749.3 17031.5 17031.5 -
366.08 36898.6 35431.6 35431.6 17087.2 17087.2 -
366.18 38942.6 37381.8 37381.8 17148.4 17148.4 -
366.279 41905.7 39674.8 39674.8 17215.9 17215.9 -
366.379 44676.7 42425.3 42425.3 17290.8 17290.8 -
366.478 48450.8 45815 45815 17374.6 17374.6 -
366.578 53532.6 50134.1 50134.1 17469.5 17469.5 -
366.677 60374.7 55838.4 55838.4 17578.4 17578.4 -
366.777 69361 63616.5 63616.5 17706.1 17706.1 -
366.876 81022.2 74450.9 74450.9 17859.2 17859.2 -
366.976 97355.7 89643.6 89643.6 18047.9 18047.9 -
367.075 119434 110767 110767 18286.7 18286.7 -
367.175 149164 139503 139503 18595.2 18595.2 -
367.274 187779 177345 177345 18998.5 18998.5 -
367.374 235616 225183 225183 19526.6 19526.6 -
367.473 290900 282804 282804 20212.6 20212.6 -
367.573 350568 348303 348303 21088.4 21088.4 -
367.672 410887 417378 417378 22179.8 22179.8 -
367.772 466610 482521 482521 23498 23498 -
367.871 512840 532895 532895 25029 25029 -
367.971 541639 556862 556862 26723 26723 -
368.07 552489 554780 554780 28491.2 28491.2 -
368.17 545110 539855 539855 30246.6 30246.6 -
368.269 520877 514315 514315 31946.4 31946.4 -
368.369 486021 480904 480904 33555.3 33555.3 -
368.468 443977 442538 442538 35047.4 35047.4 -
368.568 399828 401840 401840 36406.5 36406.5 -
368.667 356960 360925 360925 37625.4 37625.4 -
368.767 318060 321381 321381 38703.8 38703.8 -
368.866 284229 284321 284321 39646.6 39646.6 -
368.966 254719 250470 250470 40462.7 40462.7 -
369.065 228895 220237 220237 41163.2 41163.2 -
369.165 205940 193772 193772 41760.5 41760.5 -
369.264 186064 171027 171027 42267.5 42267.5 -
369.364 168341 151800 151800 42697 42696.9 -
369.463 152501 135787 135787 43060.9 43060.8 -
369.563 138496 122621 122620 43370.3 43370.1 -
369.662 125860 111906 111905 43634.9 43634.5 -
369.762 114474 103253 103252 43863.1 43862.2 -
369.861 104385 96298.7 96296.6 44062.4 44060.3 -
369.961 96230.4 90716.3 90711.7 44239.1 44234.5 -
370.06 88972.6 86227.5 86218 44399.1 44389.5 -
370.16 82475.4 82602 82583.1 44548.1 44529.1 -
370.259 77810.4 79656.1 79619.7 44692.4 44656.1 -
370.359 74301 77248 77181 44839.8 44772.8 -
370.458 70757.9 75273 75154.1 45000 44881.1 -
370.558 68450.5 73657.2 73454.1 45185.5 44982.5 -
370.657 67113.7 72352 72018.2 45412 45078.2 -
370.757 66149.1 71328.6 70800.2 45697.5 45169.1 -
370.856 65750 70572 69767 46061.4 45256.4 -
370.956 65534.9 70075.1 68894.6 46521.3 45340.8 -
371.055 65875.7 69832.6 68166.2 47089.6 45423.3 -
371.155 66702.3 69834.4 67570.4 47768.8 45504.7 -
371.254 67384.3 70060.4 67099.4 48546.9 45585.9 -
371.354 67898.2 70476.5 66749 49395 45667.5 -
371.453 68457.2 71034.1 66517.4 50267 45750.3 -
371.553 69269.7 71673.3 66405.2 51102.7 45834.6 -
371.652 69744.7 72330 66415.6 51835.2 45920.8 -
371.752 69955 72945.4 66554 52400.3 46008.9 -
371.851 70506.5 73477.2 66828.9 52747.1 46098.7 -
371.951 70913.6 73909.1 67252.5 52846.7 46190 -
372.05 71068.5 74257.6 67842.3 52697.8 46282.5 -
372.15 71262 74574.7 68623.4 52327.1 46375.8 -
372.249 71825.1 74947.6 69633.4 51784 46469.8 -
372.349 72994.6 75498.4 70930.9 51132.4 46564.8 -
372.448 74717.8 76388.1 72609.2 50440.2 46661.3 -
372.548 76820.3 77829.1 74819.8 49769.7 46760.5 -
372.647 80072.6 80111.3 77804.7 49170.8 46864.1 -
372.747 84836.8 83640.8 81938.9 48676.9 46975 -
372.846 91144.2 88984 87775.3 48306 47097.3 -
372.946 100399 96903.1 96076.8 48063.3 47237 -
373.045 113596 108355 107812 47946.4 47402.7 -
373.145 131642 124430 124086 47950.3 47606 -
373.244 155525 146200 145991 48072.2 47862.2 -
373.344 185708 174486 174363 48313.4 48190.2 -
373.443 221319 209544 209475 48681.1 48611.5 -
373.543 261210 250711 250673 49186.1 49148.2 -
373.642 302742 295972 295952 49840.3 49820.5 -
373.742 342046 341439 341429 50651.5 50641.6 -
373.841 374613 380915 380910 51616.3 51611.5 -
373.941 397714 406507 406505 52712.1 52709.9 -
374.04 409578 412285 412284 53890.9 53889.9 -
374.14 408031 406236 406235 55085.8 55085.3 -
374.239 394637 392356 392356 56256.7 56256.6 -
374.339 371831 372253 372253 57377.7 57377.6 -
374.438 344020 347869 347869 58427.9 58427.8 -
374.538 314481 321085 321085 59393.3 59393.3 -
374.637 285975 293493 293493 60266.1 60266.1 -
374.737 259614 266329 266329 61044 61044 -
374.836 235236 240491 240491 61728.7 61728.7 -
374.936 213891 216586 216586 62325 62325 -
375.035 195241 194989 194989 62839.5 62839.5 -
375.135 179632 175880 175880 63280.3 63280.3 -
375.234 166235 159291 159291 63655.9 63655.8 -
375.334 154863 145134 145134 63974.9 63974.8 -
375.433 143363 133235 133234 64245.7 64245.5 -
375.533 133157 123365 123364 64476 64475.6 -
375.632 124460 115267 115266 64672.8 64672.1 -
375.732 116354 108676 108674 64842.5 64840.8 -
375.831 109994 103338 103334 64990.7 64987 -
375.931 104312 99021.7 99013.9 65122.7 65114.9 -
376.03 98920.1 95524.9 95509.4 65243.6 65228 -
376.13 94504.5 92678.6 92648.6 65359.2 65329.1 -
376.229 90549.3 90346.6 90290.5 65476.4 65420.3 -
376.329 87487.1 88423.8 88323.1 65604.1 65503.4 -
376.428 85363.4 86832.8 86658.9 65753.8 65579.9 -
376.528 83691.3 85520.4 85231.2 65940 65650.8 -
376.627 82214.2 84452.8 83989.8 66180 65717.1 -
376.727 80996.4 83610.7 82897.3 66492.9 65779.5 -
376.826 80648.1 82983.9 81925.9 66897 65839 -
376.926 80044.5 82565.5 81055.1 67406.7 65896.2 -
377.025 79874.2 82344.9 80269.3 68027.4 65951.8 -
377.125 80144.1 82302.2 79556.8 68751.9 66006.5 -
377.224 80417.8 82403.9 78908.5 69556.3 66060.8 -
377.324 79976.7 82600.7 78317 70399.1 66115.3 -
377.423 79954.9 82829.4 77776.2 71223.6 66170.3 -
377.523 80517.6 83018.6 77280.8 71963.7 66225.9 -
377.622 80416.3 83097.3 76826.2 72553 66281.9 -
377.722 79957.7 83005.3 76407.9 72935.3 66338 -
377.821 79927.6 82702.8 76022.1 73074.3 66393.6 -
377.921 79338.9 82176.7 75664.9 72959.8 66448 -
378.02 79053 81442.5 75332.9 72610 66500.5 -
378.12 78724.6 80540.7 75023.1 72067.8 66550.3 -
378.219 77689.4 79529.1 74732.8 71393.2 66597 -
378.319 77373.9 78473 74459.7 70653.3 66640.1 -
378.418 76645.5 77434.3 74202.1 69911.8 66679.6 -
378.518 76035.4 76464.1 73958.3 69221.2 66715.4 -
378.617 76003.5 75597.3 73727.4 68617.8 66747.9 -
378.717 75386.3 74851.5 73508.3 68120.6 66777.5 -
378.816 74931.4 74229.1 73300.5 67733 66804.4 -
378.916 74685.8 73721.2 73103.2 67447.1 66829.2 -
379.015 74427.5 73311.9 72916 67248 66852.1 -
379.115 74586 72982.4 72738.3 67117.8 66873.7 -
379.214 74507.8 72714.6 72569.7 67038.9 66894.1 -
379.314 74718.9 72492.4 72409.6 66996.2 66913.5 -
379.413 74455.1 72303.1 72257.6 66977.6 66932.1 -
379.513 74177.7 72137.2 72113.1 66974.1 66950 -
379.612 74634.6 71988 71975.8 66979.6 66967.3 -
379.712 74423.2 71851.1 71845.1 66990.1 66984 -
379.811 74617.1 71723.5 71720.7 67003.1 67000.3 -
379.911 75000.5 71603.5 71602.2 67017.3 67016 -
380.01 75063.5 71489.7 71489.2 67031.9 67031.3 -
380.11 74881.8 71381.6 71381.3 67046.4 67046.2 -
380.209 75393.1 71278.5 71278.4 67060.8 67060.7 -
380.309 75171.7 71180 71180 67074.8 67074.7 -
380.408 76104.6 71085.9 71085.9 67088.4 67088.4 -
380.508 76842.5 70995.9 70995.9 67101.8 67101.8 -
380.607 76788 70909.7 70909.7 67114.8 67114.7 -
380.707 76983.1 70827.1 70827.1 67127.4 67127.4 -
380.806 77339.5 70748 70748 67139.7 67139.7 -
380.906 77736.8 70672 70672 67151.8 67151.8 -
381.005 77956.6 70599.1 70599.1 67163.5 67163.5 -
381.105 77974.4 70529.2 70529.2 67175 67175 -
381.204 78508.1 70461.9 70461.9 67186.2 67186.2 -
381.304 78924.2 70397.3 70397.3 67197.1 67197.1 -
381.403 79724.8 70335.1 70335.1 67207.8 67207.8 -
381.503 79561.3 70275.3 70275.3 67218.2 67218.2 -
381.602 79738.9 70217.7 70217.7 67228.4 67228.4 -
381.702 80281.5 70162.2 70162.2 67238.4 67238.4 -
381.801 80839.5 70108.7 70108.7 67248.1 67248.1 -
381.901 81088.3 70057.1 70057.1 67257.7 67257.7 -
382 81139 70007.4 70007.4 67267 67267 70007.4
