1100 4017
1099.74 3888
1099.48 3941
1099.21 3823
1098.95 3961
1098.69 3997
1098.43 3961
1098.17 4152
1097.9 3945
1097.64 4134
1097.38 4001
1097.12 3966
1096.86 3951
1096.59 4056
1096.33 3971
1096.07 3978
1095.81 3876
1095.55 4012
1095.28 3995
1095.02 3968
1094.76 4023
1094.5 4161
1094.24 3935
1093.97 3995
1093.71 3939
1093.45 4017
1093.19 3943
1092.93 3900
1092.66 3946
1092.4 4028
1092.14 4077
1091.88 4010
1091.62 4044
1091.35 3965
1091.09 4019
1090.83 4044
1090.57 4098
1090.31 3974
1090.04 3990
1089.78 4106
1089.52 4071
1089.26 4013
1089 4151
1088.73 4101
1088.47 4098
1088.21 4002
1087.95 4052
1087.69 3965
1087.43 3989
1087.16 3970
1086.9 4047
1086.64 4184
1086.38 4027
1086.12 4078
1085.85 4115
1085.59 4158
1085.33 4133
1085.07 3975
1084.81 4180
1084.54 3971
1084.28 3910
1084.02 4043
1083.76 4134
1083.5 4028
1083.23 3996
1082.97 3902
1082.71 4086
1082.45 4198
1082.19 4075
1081.92 4022
1081.66 4043
1081.4 4108
1081.14 4122
1080.88 4089
1080.61 4134
1080.35 4188
1080.09 4040
1079.83 3945
1079.57 3987
1079.3 4069
1079.04 4144
1078.78 4068
1078.52 4055
1078.26 4038
1077.99 4017
1077.73 4247
1077.47 4026
1077.21 4027
1076.95 4088
1076.68 4031
1076.42 4054
1076.16 4107
1075.9 4084
1075.64 4115
1075.37 4162
1075.11 4155
1074.85 4031
1074.59 4174
1074.33 4142
1074.06 4138
1073.8 4161
1073.54 3995
1073.28 4097
1073.02 4101
1072.75 4092
1072.49 4178
1072.23 4341
1071.97 4100
1071.71 4129
1071.44 4117
1071.18 4257
1070.92 4088
1070.66 4098
1070.4 4167
1070.13 4144
1069.87 4209
1069.61 4112
1069.35 4097
1069.09 4254
1068.82 4254
1068.56 4147
1068.3 4185
1068.04 4056
1067.78 4128
1067.51 4166
1067.25 4150
1066.99 4181
1066.73 4229
1066.47 4201
1066.2 4196
1065.94 4154
1065.68 4279
1065.42 4214
1065.16 4257
1064.89 4131
1064.63 4285
1064.37 4274
1064.11 4258
1063.85 4148
1063.59 4266
1063.32 4258
1063.06 4228
1062.8 4238
1062.54 4287
1062.28 4050
1062.01 4214
1061.75 4136
1061.49 4299
1061.23 4294
1060.97 4222
1060.7 4244
1060.44 4259
1060.18 4207
1059.92 4343
1059.66 4234
1059.39 4268
1059.13 4202
1058.87 4166
1058.61 4273
1058.35 4177
1058.08 4201
1057.82 4222
1057.56 4242
1057.3 4411
1057.04 4284
1056.77 4212
1056.51 4244
1056.25 4279
1055.99 4217
1055.73 4228
1055.46 4390
1055.2 4219
1054.94 4274
1054.68 4368
1054.42 4284
1054.15 4253
1053.89 4246
1053.63 4365
1053.37 4371
1053.11 4287
1052.84 4312
1052.58 4328
1052.32 4202
1052.06 4276
1051.8 4393
1051.53 4230
1051.27 4223
1051.01 4405
1050.75 4279
1050.49 4226
1050.22 4325
1049.96 4364
1049.7 4375
1049.44 4227
1049.18 4285
1048.91 4501
1048.65 4322
1048.39 4424
1048.13 4374
1047.87 4401
1047.6 4366
1047.34 4343
1047.08 4348
1046.82 4312
1046.56 4188
1046.29 4339
1046.03 4320
1045.77 4398
1045.51 4295
1045.25 4332
1044.98 4410
1044.72 4266
1044.46 4306
1044.2 4381
1043.94 4326
1043.67 4312
1043.41 4436
1043.15 4488
1042.89 4283
1042.63 4315
1042.36 4293
1042.1 4377
1041.84 4349
1041.58 4297
1041.32 4408
1041.05 4421
1040.79 4483
1040.53 4355
1040.27 4338
1040.01 4300
1039.75 4471
1039.48 4264
1039.22 4394
1038.96 4542
1038.7 4549
1038.44 4331
1038.17 4372
1037.91 4362
1037.65 4425
1037.39 4464
1037.13 4389
1036.86 4441
1036.6 4477
1036.34 4392
1036.08 4519
1035.82 4392
1035.55 4480
1035.29 4491
1035.03 4342
1034.77 4320
1034.51 4364
1034.24 4458
1033.98 4457
1033.72 4471
1033.46 4352
1033.2 4438
1032.93 4582
1032.67 4437
1032.41 4311
1032.15 4530
1031.89 4394
1031.62 4527
1031.36 4438
1031.1 4544
1030.84 4458
1030.58 4551
1030.31 4423
1030.05 4465
1029.79 4456
1029.53 4453
1029.27 4563
1029 4476
1028.74 4605
1028.48 4547
1028.22 4456
1027.96 4451
1027.69 4470
1027.43 4522
1027.17 4521
1026.91 4509
1026.65 4607
1026.38 4516
1026.12 4552
1025.86 4536
1025.6 4538
1025.34 4444
1025.07 4596
1024.81 4612
1024.55 4471
1024.29 4625
1024.03 4495
1023.76 4504
1023.5 4439
1023.24 4518
1022.98 4544
1022.72 4556
1022.45 4559
1022.19 4575
1021.93 4587
1021.67 4523
1021.41 4641
1021.14 4548
1020.88 4477
1020.62 4529
1020.36 4637
1020.1 4522
1019.83 4534
1019.57 4713
1019.31 4563
1019.05 4699
1018.79 4742
1018.52 4617
1018.26 4608
1018 4549
1017.74 4662
1017.48 4640
1017.22 4660
1016.95 4621
1016.69 4701
1016.43 4506
1016.17 4575
1015.91 4589
1015.64 4644
1015.38 4608
1015.12 4720
1014.86 4592
1014.6 4598
1014.33 4710
1014.07 4652
1013.81 4740
1013.55 4658
1013.29 4646
1013.02 4738
1012.76 4561
1012.5 4675
1012.24 4683
1011.98 4586
1011.71 4667
1011.45 4579
1011.19 4619
1010.93 4728
1010.67 4580
1010.4 4684
1010.14 4697
1009.88 4761
1009.62 4605
1009.36 4691
1009.09 4576
1008.83 4631
1008.57 4758
1008.31 4765
1008.05 4627
1007.78 4604
1007.52 4713
1007.26 4666
1007 4707
1006.74 4676
1006.47 4786
1006.21 4649
1005.95 4740
1005.69 4739
1005.43 4818
1005.16 4594
1004.9 4664
1004.64 4671
1004.38 4806
1004.12 4853
1003.85 4782
1003.59 4698
1003.33 4811
1003.07 4696
1002.81 4830
1002.54 4860
1002.28 4868
1002.02 4752
1001.76 4796
1001.5 4705
1001.23 4813
1000.97 4668
1000.71 4704
1000.45 4867
1000.19 4925
999.924 4756
999.662 4835
999.401 4779
999.139 4868
998.877 4898
998.615 4801
998.353 4829
998.091 4830
997.829 4769
997.567 4750
997.305 4733
997.043 4778
996.781 4869
996.519 4779
996.257 4758
995.995 4599
995.733 4949
995.471 4747
995.209 4768
994.947 4794
994.685 4912
994.423 4851
994.161 4723
993.899 4870
993.637 4800
993.375 4742
993.113 4770
992.851 4841
992.589 4754
992.327 4807
992.065 4826
991.803 4814
991.541 4749
991.279 4762
991.017 4825
990.755 4842
990.493 4754
990.231 4659
989.969 4937
989.707 4784
989.445 4874
989.183 4863
988.921 4867
988.659 4711
988.397 4818
988.135 4750
987.873 4891
987.612 4934
987.35 4846
987.088 4666
986.826 4842
986.564 4766
986.302 4864
986.04 4770
985.778 4860
985.516 4891
985.254 4883
984.992 4852
984.73 4940
984.468 4941
984.206 4893
983.944 4883
983.682 4788
983.42 4893
983.158 4746
982.896 4849
982.634 4847
982.372 4905
982.11 4908
981.848 4905
981.586 4979
981.324 4851
981.062 4947
980.8 4850
980.538 4975
980.276 4982
980.014 4914
979.752 4881
979.49 4863
979.228 5026
978.966 5038
978.704 4992
978.442 4952
978.18 4828
977.918 4945
977.656 4932
977.394 4873
977.132 5014
976.87 4903
976.608 4933
976.346 4903
976.084 5006
975.823 5022
975.561 4862
975.299 4832
975.037 4970
974.775 4975
974.513 4929
974.251 5032
973.989 4886
973.727 4930
973.465 4853
973.203 4976
972.941 4951
972.679 4976
972.417 4939
972.155 4850
971.893 4827
971.631 4896
971.369 4964
971.107 4915
970.845 4888
970.583 4923
970.321 4940
970.059 4841
969.797 4910
969.535 4790
969.273 4912
969.011 4919
968.749 4737
968.487 4796
968.225 4746
967.963 4680
967.701 4722
967.439 4749
967.177 4752
966.915 4782
966.653 4799
966.391 4804
966.129 4699
965.867 4763
965.605 4734
965.343 4669
965.081 4750
964.819 4605
964.557 4585
964.295 4700
964.034 4619
963.772 4740
963.51 4641
963.248 4552
962.986 4729
962.724 4678
962.462 4580
962.2 4820
961.938 4670
961.676 4757
961.414 4672
961.152 4674
960.89 4712
960.628 4651
960.366 4627
960.104 4751
959.842 4549
959.58 4683
959.318 4649
959.056 4765
958.794 4670
958.532 4664
958.27 4679
958.008 4566
957.746 4549
957.484 4690
957.222 4678
956.96 4624
956.698 4724
956.436 4620
956.174 4604
955.912 4660
955.65 4602
955.388 4652
955.126 4627
954.864 4693
954.602 4762
954.34 4566
954.078 4657
953.816 4589
953.554 4788
953.292 4656
953.03 4715
952.768 4642
952.506 4615
952.245 4743
951.983 4698
951.721 4687
951.459 4650
951.197 4636
950.935 4658
950.673 4666
950.411 4556
950.149 4806
949.887 4607
949.625 4665
949.363 4642
949.101 4690
948.839 4668
948.577 4788
948.315 4747
948.053 4844
947.791 4671
947.529 4710
947.267 4782
947.005 4682
946.743 4842
946.481 4700
946.219 4703
945.957 4664
945.695 4686
945.433 4773
945.171 4898
944.909 4697
944.647 4695
944.385 4732
944.123 4876
943.861 4668
943.599 4828
943.337 4731
943.075 4732
942.813 4756
942.551 4770
942.289 4793
942.027 4677
941.765 4767
941.503 4701
941.241 4876
940.979 4816
940.717 4827
940.456 4870
940.194 4830
939.932 4807
939.67 4839
939.408 4836
939.146 4765
938.884 4788
938.622 4858
938.36 4743
938.098 4804
937.836 4831
937.574 4811
937.312 4965
937.05 4752
936.788 4812
936.526 4779
936.264 4788
936.002 4890
935.74 4692
935.478 4687
935.216 4826
934.954 4846
934.692 4817
934.43 4612
934.168 4797
933.906 4747
933.644 4910
933.382 4756
933.12 4864
932.858 4767
932.596 4879
932.334 4651
932.072 4672
931.81 4932
931.548 4760
931.286 4855
931.024 4689
930.762 4753
930.5 4786
930.238 4814
929.976 4907
929.714 4883
929.452 4798
929.19 4806
928.928 4845
928.667 4808
928.405 4857
928.143 4804
927.881 4704
927.619 4883
927.357 4803
927.095 4791
926.833 4778
926.571 4889
926.309 4723
926.047 4743
925.785 4776
925.523 4879
925.261 4766
924.999 4858
924.737 4738
924.475 4801
924.213 4789
923.951 4776
923.689 4860
923.427 4913
923.165 4963
922.903 4725
922.641 4817
922.379 4878
922.117 4742
921.855 4838
921.593 4871
921.331 4924
921.069 4756
920.807 4821
920.545 4878
920.283 4898
920.021 4836
919.759 4893
919.497 4908
919.235 4847
918.973 4940
918.711 4841
918.449 4726
918.187 4913
917.925 4958
917.663 4819
917.401 4857
917.139 4830
916.878 4798
916.616 4914
916.354 4945
916.092 4784
915.83 4777
915.568 4916
915.306 4875
915.044 5070
914.782 4907
914.52 5041
914.258 4885
913.996 4870
913.734 4868
913.472 4848
913.21 4864
912.948 4884
912.686 4865
912.424 4865
912.162 4880
911.9 4928
911.638 5021
911.376 4917
911.114 4928
910.852 4822
910.59 4928
910.328 4736
910.066 4998
909.804 4879
909.542 4925
909.28 4878
909.018 4919
908.756 4916
908.494 4959
908.232 4979
907.97 4953
907.708 4968
907.446 4946
907.184 5035
906.922 4860
906.66 4951
906.398 5032
906.136 5105
905.874 4860
905.612 4792
905.35 4944
905.089 4938
904.827 5012
904.565 4986
904.303 4976
904.041 4949
903.779 5047
903.517 4911
903.255 5014
902.993 5016
902.731 5057
902.469 4913
902.207 4933
901.945 5059
901.683 5013
901.421 4935
901.159 4994
900.897 4975
900.635 4900
900.373 4875
900.111 5056
899.849 4942
899.587 4988
899.325 5050
899.063 5084
898.801 5053
898.539 5086
898.277 5039
898.015 5076
897.753 5060
897.491 5074
897.229 5032
896.967 5023
896.705 4948
896.443 5108
896.181 5059
895.919 5073
895.657 5044
895.395 5068
895.133 5072
894.871 5030
894.609 5046
894.347 5117
894.085 5016
893.823 5090
893.561 5084
893.3 5051
893.038 5190
892.776 5008
892.514 5067
892.252 5123
891.99 5145
891.728 5059
891.466 5080
891.204 5201
890.942 5017
890.68 5176
890.418 5084
890.156 5091
889.894 5095
889.632 5152
889.37 5121
889.108 5170
888.846 4869
888.584 5111
888.322 5069
888.06 5156
887.798 5066
887.536 5151
887.274 5128
887.012 4982
886.75 5172
886.488 5103
886.226 5290
885.964 5248
885.702 5126
885.44 5151
885.178 5007
884.916 5091
884.654 5202
884.392 5128
884.13 5063
883.868 5129
883.606 5130
883.344 5255
883.082 5119
882.82 5166
882.558 5210
882.296 5071
882.034 5075
881.772 5150
881.511 5151
881.249 5111
880.987 5274
880.725 5192
880.463 5162
880.201 5057
879.939 5153
879.677 5113
879.415 5081
879.153 5305
878.891 5118
878.629 5209
878.367 5197
878.105 5205
877.843 5133
877.581 5306
877.319 5189
877.057 5184
876.795 5235
876.533 5280
876.271 5172
876.009 5287
875.747 5175
875.485 5166
875.223 5181
874.961 5215
874.699 5193
874.437 5243
874.175 5185
873.913 5274
873.651 5350
873.389 5235
873.127 5334
872.865 5223
872.603 5220
872.341 5238
872.079 5314
871.817 5275
871.555 5111
871.293 5244
871.031 5256
870.769 5280
870.507 5231
870.245 5244
869.983 5292
869.722 5245
869.46 5336
869.198 5244
868.936 5311
868.674 5157
868.412 5350
868.15 5370
867.888 5371
867.626 5268
867.364 5346
867.102 5214
866.84 5243
866.578 5387
866.316 5422
866.054 5305
865.792 5304
865.53 5272
865.268 5282
865.006 5257
864.744 5370
864.482 5361
864.22 5371
863.958 5282
863.696 5349
863.434 5153
863.172 5274
862.91 5279
862.648 5372
862.386 5407
862.124 5265
861.862 5431
861.6 5310
861.338 5270
861.076 5379
860.814 5395
860.552 5367
860.29 5374
860.028 5326
859.766 5211
859.504 5263
859.242 5295
858.98 5291
858.718 5451
858.456 5494
858.194 5425
857.932 5414
857.671 5316
857.409 5336
857.147 5359
856.885 5307
856.623 5252
856.361 5236
856.099 5461
855.837 5298
855.575 5442
855.313 5383
855.051 5423
854.789 5351
854.527 5467
854.265 5389
854.003 5341
853.741 5430
853.479 5425
853.217 5335
852.955 5407
852.693 5500
852.431 5295
852.169 5395
851.907 5519
851.645 5349
851.383 5495
851.121 5433
850.859 5391
850.597 5354
850.335 5382
850.073 5452
849.811 5533
849.549 5441
849.287 5415
849.025 5452
848.763 5331
848.501 5397
848.239 5388
847.977 5422
847.715 5416
847.453 5408
847.191 5439
846.929 5432
846.667 5346
846.405 5424
846.143 5341
845.882 5461
845.62 5545
845.358 5533
845.096 5494
844.834 5459
844.572 5585
844.31 5480
844.048 5564
843.786 5526
843.524 5515
843.262 5549
843 5479
842.738 5544
842.476 5385
842.214 5475
841.952 5448
841.69 5556
841.428 5481
841.166 5390
840.904 5376
840.642 5470
840.38 5609
840.118 5385
839.856 5472
839.594 5433
839.332 5490
839.07 5539
838.808 5356
838.546 5437
838.284 5608
838.022 5572
837.76 5650
837.498 5646
837.236 5586
836.974 5402
836.712 5588
836.45 5421
836.188 5463
835.926 5573
835.664 5645
835.402 5583
835.14 5500
834.878 5493
834.616 5605
834.354 5691
834.093 5619
833.831 5515
833.569 5602
833.307 5510
833.045 5564
832.783 5567
832.521 5493
832.259 5645
831.997 5640
831.735 5517
831.473 5636
831.211 5466
830.949 5535
830.687 5541
830.425 5664
830.163 5700
829.901 5638
829.639 5703
829.377 5553
829.115 5532
828.853 5608
828.591 5800
828.329 5583
828.067 5525
827.805 5572
827.543 5602
827.281 5706
827.019 5641
826.757 5693
826.495 5681
826.233 5694
825.971 5769
825.709 5668
825.447 5556
825.185 5666
824.923 5524
824.661 5563
824.399 5657
824.137 5731
823.875 5678
823.613 5648
823.351 5639
823.089 5611
822.827 5741
822.565 5577
822.304 5761
822.042 5626
821.78 5674
821.518 5640
821.256 5702
820.994 5674
820.732 5643
820.47 5835
820.208 5771
819.946 5559
819.684 5580
819.422 5896
819.16 5696
818.898 5763
818.636 5660
818.374 5811
818.112 5661
817.85 5738
817.588 5823
817.326 5740
817.064 5670
816.802 5685
816.54 5701
816.278 5743
816.016 5758
815.754 5780
815.492 5784
815.23 5763
814.968 5781
814.706 5672
814.444 5717
814.182 5844
813.92 5728
813.658 5779
813.396 5722
813.134 5749
812.872 5752
812.61 5746
812.348 5772
812.086 5866
811.824 5801
811.562 5801
811.3 5895
811.038 5718
810.776 5843
810.515 5809
810.253 5856
809.991 5718
809.729 5807
809.467 5844
809.205 5795
808.943 5829
808.681 5773
808.419 5964
808.157 5854
807.895 5942
807.633 5994
807.371 5945
807.109 5845
806.847 5797
806.585 5823
806.323 5826
806.061 5749
805.799 5833
805.537 5924
805.275 6053
805.013 5925
804.751 5778
804.489 5818
804.227 5967
803.965 5779
803.703 5904
803.441 5759
803.179 5683
802.917 5880
802.655 5910
802.393 5888
802.131 5799
801.869 5862
801.607 5818
801.345 5795
801.083 5956
800.821 5834
800.559 5720
800.297 6010
800.035 5919
799.773 5873
799.511 5973
799.249 5888
798.987 5879
798.726 5800
798.464 5879
798.202 5851
797.94 5866
797.678 5876
797.416 6098
797.154 5832
796.892 5941
796.63 5983
796.368 6016
796.106 5775
795.844 5833
795.582 5938
795.32 5891
795.058 5955
794.796 5861
794.534 5996
794.272 5900
794.01 6033
793.748 5994
793.486 5869
793.224 5799
792.962 5960
792.7 6041
792.438 5894
792.176 5809
791.914 5874
791.652 5786
791.39 5933
791.128 5874
790.866 5937
790.604 5895
790.342 6007
790.08 5909
789.818 5863
789.556 5921
789.294 5968
789.032 5984
788.77 5900
788.508 5953
788.246 5947
787.984 6016
787.722 5914
787.46 5885
787.198 5880
786.937 5896
786.675 5930
786.413 5992
786.151 5993
785.889 5988
785.627 5830
785.365 5978
785.103 6065
784.841 5861
784.579 5911
784.317 5862
784.055 6019
783.793 5789
783.531 6009
783.269 5965
783.007 6045
782.745 5911
782.483 5971
782.221 6014
781.959 6095
781.697 6076
781.435 5945
781.173 6068
780.911 6023
780.649 6035
780.387 6085
780.125 5998
779.863 5906
779.601 6005
779.339 6156
779.077 5999
778.815 6018
778.553 6068
778.291 5944
778.029 6127
777.767 6016
777.505 6181
777.243 6123
776.981 6024
776.719 6060
776.457 6090
776.195 6009
775.933 6067
775.671 6227
775.409 6142
775.148 6083
774.886 5985
774.624 6003
774.362 6160
774.1 6159
773.838 6313
773.576 6176
773.314 5956
773.052 6179
772.79 6133
772.528 6204
772.266 6229
772.004 6051
771.742 6144
771.48 6060
771.218 6047
770.956 6123
770.694 6472
770.432 5998
770.17 6150
769.908 6179
769.646 6103
769.384 6272
769.122 6075
768.86 6229
768.598 6057
768.336 6062
768.074 6155
767.812 6119
767.55 6138
767.288 6080
767.026 6283
766.764 6150
766.502 6058
766.24 6204
765.978 6082
765.716 6292
765.454 6157
765.192 6145
764.93 6266
764.668 6029
764.406 6348
764.144 6199
763.882 6183
763.62 6257
763.359 6319
763.097 6118
762.835 6209
762.573 6279
762.311 6173
762.049 6229
761.787 6169
761.525 6296
761.263 6291
761.001 6280
760.739 6189
760.477 6183
760.215 6296
759.953 6136
759.691 6299
759.429 6193
759.167 6274
758.905 6247
758.643 6316
758.381 6251
758.119 6168
757.857 6319
757.595 6255
757.333 6151
757.071 6174
756.809 6285
756.547 6185
756.285 6133
756.023 6376
755.761 6416
755.499 6240
755.237 6156
754.975 6317
754.713 6236
754.451 6182
754.189 6342
753.927 6365
753.665 6274
753.403 6147
753.141 6409
752.879 6349
752.617 6219
752.355 6355
752.093 6365
751.831 6399
751.57 6291
751.308 6555
751.046 6422
750.784 6298
750.522 6415
750.26 6464
749.998 6407
749.736 6436
749.474 6363
749.212 6342
748.95 6424
748.688 6385
748.426 6305
748.164 6276
747.902 6168
747.64 6331
747.378 6397
747.116 6420
746.854 6308
746.592 6471
746.33 6314
746.068 6448
745.806 6273
745.544 6454
745.282 6468
745.02 6550
744.758 6455
744.496 6409
744.234 6509
743.972 6623
743.71 6318
743.448 6423
743.186 6377
742.924 6502
742.662 6407
742.4 6320
742.138 6311
741.876 6274
741.614 6457
741.352 6400
741.09 6422
740.828 6523
740.566 6435
740.304 6592
740.042 6441
739.781 6416
739.519 6399
739.257 6401
738.995 6408
738.733 6489
738.471 6397
738.209 6461
737.947 6476
737.685 6569
737.423 6575
737.161 6440
736.899 6405
736.637 6446
736.375 6546
736.113 6504
735.851 6678
735.589 6497
735.327 6602
735.065 6531
734.803 6451
734.541 6664
734.279 6439
734.017 6419
733.755 6548
733.493 6424
733.231 6379
732.969 6386
732.707 6454
732.445 6407
732.183 6530
731.921 6428
731.659 6508
731.397 6499
731.135 6630
730.873 6381
730.611 6484
730.349 6493
730.087 6530
729.825 6478
729.563 6526
729.301 6509
729.039 6465
728.777 6480
728.515 6401
728.253 6482
727.992 6578
727.73 6641
727.468 6731
727.206 6650
726.944 6586
726.682 6543
726.42 6562
726.158 6701
725.896 6657
725.634 6513
725.372 6682
725.11 6714
724.848 6553
724.586 6537
724.324 6592
724.062 6577
723.8 6697
723.538 6562
723.276 6601
723.014 6526
722.752 6701
722.49 6644
722.228 6753
721.966 6741
721.704 6853
721.442 6785
721.18 6810
720.918 6843
720.656 6718
720.394 6815
720.132 6928
719.87 6942
719.608 6758
719.346 6985
719.084 6916
718.822 6825
718.56 6811
718.298 6807
718.036 6952
717.774 6908
717.512 6599
717.25 6860
716.988 6624
716.726 6859
716.464 6883
716.203 6813
715.941 6941
715.679 6778
715.417 6735
715.155 6726
714.893 6600
714.631 6746
714.369 6516
714.107 6569
713.845 6690
713.583 6683
713.321 6686
713.059 6660
712.797 6708
712.535 6457
712.273 6503
712.011 6537
711.749 6681
711.487 6448
711.225 6592
710.963 6426
710.701 6522
710.439 6536
710.177 6485
709.915 6532
709.653 6364
709.391 6577
709.129 6568
708.867 6639
708.605 6516
708.343 6598
708.081 6560
707.819 6422
707.557 6732
707.295 6506
707.033 6621
706.771 6644
706.509 6549
706.247 6454
705.985 6434
705.723 6710
705.461 6565
705.199 6661
704.937 6407
704.675 6570
704.414 6459
704.152 6456
703.89 6541
703.628 6540
703.366 6524
703.104 6450
702.842 6575
702.58 6629
702.318 6585
702.056 6484
701.794 6564
701.532 6695
701.27 6609
701.008 6609
700.746 6545
700.484 6636
700.222 6634
699.96 6753
699.698 6601
699.436 6430
699.174 6606
698.912 6583
698.65 6476
698.388 6508
698.126 6678
697.864 6618
697.602 6728
697.34 6566
697.078 6528
696.816 6719
696.554 6605
696.292 6487
696.03 6473
695.768 6620
695.506 6701
695.244 6583
694.982 6675
694.72 6734
694.458 6707
694.196 6655
693.934 6525
693.672 6571
693.41 6519
693.148 6522
692.886 6615
692.624 6696
692.363 6594
692.101 6633
691.839 6621
691.577 6587
691.315 6609
691.053 6644
690.791 6694
690.529 6640
690.267 6613
690.005 6765
689.743 6602
689.481 6749
689.219 6636
688.957 6654
688.695 6611
688.433 6633
688.171 6654
687.909 6525
687.647 6662
687.385 6590
687.123 6730
686.861 6821
686.599 6516
686.337 6822
686.075 6779
685.813 6735
685.551 6832
685.289 6789
685.027 6614
684.765 6769
684.503 6733
684.241 6880
683.979 7066
683.717 6831
683.455 6881
683.193 6882
682.931 6926
682.669 7107
682.407 6821
682.145 7116
681.883 6955
681.621 7035
681.359 7001
681.097 6975
680.835 7008
680.574 7087
680.312 6939
680.05 7148
679.788 7036
679.526 6940
679.264 7104
679.002 7003
678.74 6996
678.478 6905
678.216 7057
677.954 6926
677.692 7026
677.43 6753
677.168 6929
676.906 6921
676.644 6904
676.382 6830
676.12 6805
675.858 6709
675.596 6831
675.334 6926
675.072 6767
674.81 6816
674.548 6802
674.286 6744
674.024 6646
673.762 6733
673.5 6707
673.238 6671
672.976 6699
672.714 6603
672.452 6708
672.19 6599
671.928 6597
671.666 6813
671.404 6690
671.142 6654
670.88 6821
670.618 6621
670.356 6789
670.094 6844
669.832 6647
669.57 6697
669.308 6629
669.046 6543
668.785 6633
668.523 6689
668.261 6666
667.999 6709
667.737 6716
667.475 6727
667.213 6582
666.951 6686
666.689 6625
666.427 6879
666.165 6919
665.903 6817
665.641 6665
665.379 6799
665.117 6711
664.855 6793
664.593 6796
664.331 6803
664.069 6662
663.807 6613
663.545 6793
663.283 6717
663.021 6891
662.759 6684
662.497 6652
662.235 6725
661.973 6809
661.711 6712
661.449 6828
661.187 6817
660.925 6591
660.663 6756
660.401 6866
660.139 6804
659.877 6815
659.615 6777
659.353 6901
659.091 6690
658.829 6773
658.567 6864
658.305 6845
658.043 6702
657.781 6816
657.519 6837
657.257 6723
656.996 6896
656.734 6877
656.472 6824
656.21 6802
655.948 6760
655.686 7041
655.424 6738
655.162 6686
654.9 6796
654.638 6964
654.376 6925
654.114 6904
653.852 6947
653.59 6821
653.328 6891
653.066 6976
652.804 6878
652.542 6850
652.28 6988
652.018 6883
651.756 6785
651.494 7033
651.232 6864
650.97 6695
650.708 6913
650.446 6935
650.184 6911
649.922 7065
649.66 6873
649.398 6818
649.136 7027
648.874 6926
648.612 7032
648.35 6983
648.088 6982
647.826 6863
647.564 6767
647.302 6888
647.04 6846
646.778 7062
646.516 6869
646.254 7030
645.992 6833
645.73 6960
645.468 6912
645.207 7023
644.945 6924
644.683 6987
644.421 6955
644.159 7095
643.897 6951
643.635 7119
643.373 7082
643.111 7031
642.849 7006
642.587 7005
642.325 7052
642.063 7009
641.801 7222
641.539 7036
641.277 7075
641.015 7154
640.753 6943
640.491 7018
640.229 6969
639.967 6967
639.705 7113
639.443 7002
639.181 7016
638.919 6927
638.657 7079
638.395 6943
638.133 7089
637.871 7192
637.609 7167
637.347 7203
637.085 7054
636.823 7137
636.561 7059
636.299 6994
636.037 7099
635.775 7043
635.513 7206
635.251 7061
634.989 7133
634.727 7066
634.465 7231
634.203 7060
633.941 7151
633.679 7012
633.418 7249
633.156 7104
632.894 7102
632.632 7250
632.37 7256
632.108 7286
631.846 7049
631.584 7318
631.322 7288
631.06 7419
630.798 7002
630.536 7278
630.274 7188
630.012 7187
629.75 7263
629.488 7153
629.226 7194
628.964 7279
628.702 7279
628.44 7194
628.178 7248
627.916 7280
627.654 7317
627.392 7208
627.13 7429
626.868 7378
626.606 7281
626.344 7317
626.082 7212
625.82 7169
625.558 7302
625.296 7164
625.034 7430
624.772 7243
624.51 7347
624.248 7205
623.986 7235
623.724 7373
623.462 7306
623.2 7295
622.938 7297
622.676 7449
622.414 7366
622.152 7297
621.89 7272
621.629 7318
621.367 7285
621.105 7450
620.843 7215
620.581 7204
620.319 7572
620.057 7248
619.795 7349
619.533 7273
619.271 7209
619.009 7339
618.747 7193
618.485 7498
618.223 7147
617.961 7301
617.699 7284
617.437 7264
617.175 7149
616.913 7305
616.651 7261
616.389 7249
616.127 7192
615.865 7340
615.603 7301
615.341 7317
615.079 7238
614.817 7141
614.555 7213
614.293 7184
614.031 7359
613.769 7398
613.507 7261
613.245 7379
612.983 7154
612.721 7366
612.459 7329
612.197 7206
611.935 7335
611.673 7368
611.411 7285
611.149 7277
610.887 7442
610.625 7261
610.363 7315
610.101 7288
609.84 7272
609.578 7315
609.316 7459
609.054 7381
608.792 7564
608.53 7378
608.268 7623
608.006 7541
607.744 7567
607.482 7619
607.22 7921
606.958 7745
606.696 7818
606.434 8227
606.172 8173
605.91 8259
605.648 8269
605.386 8371
605.124 8555
604.862 8682
604.6 9037
604.338 8984
604.076 9295
603.814 9241
603.552 9354
603.29 9166
603.028 8945
602.766 8658
602.504 8472
602.242 8159
601.98 8008
601.718 8128
601.456 7721
601.194 7744
600.932 7716
600.67 7647
600.408 7433
600.146 7589
599.884 7488
599.622 7453
599.36 7253
599.098 7278
598.836 7303
598.574 7266
598.312 7232
598.051 7516
597.789 7295
597.527 7233
597.265 7167
597.003 7245
596.741 7118
596.479 7260
596.217 7119
595.955 7296
595.693 7317
595.431 7088
595.169 7193
594.907 7127
594.645 7171
594.383 7271
594.121 7075
593.859 7039
593.597 7174
593.335 7121
593.073 7171
592.811 6958
592.549 7235
592.287 7085
592.025 7044
591.763 7062
591.501 7101
591.239 7087
590.977 7163
590.715 7134
590.453 7227
590.191 7078
589.929 7229
589.667 7168
589.405 7010
589.143 7004
588.881 6999
588.619 7039
588.357 7116
588.095 7057
587.833 7047
587.571 6981
587.309 6883
587.047 6912
586.785 6882
586.523 7016
586.262 6778
586 6962
585.738 6903
585.476 6930
585.214 6989
584.952 6836
584.69 6878
584.428 6866
584.166 7046
583.904 6697
583.642 6913
583.38 6679
583.118 6783
582.856 6899
582.594 6946
582.332 6873
582.07 6940
581.808 6999
581.546 6878
581.284 6762
581.022 6825
580.76 6974
580.498 6808
580.236 6998
579.974 6974
579.712 6850
579.45 7014
579.188 7023
578.926 7129
578.664 7103
578.402 7096
578.14 7102
577.878 7187
577.616 7295
577.354 7444
577.092 7461
576.83 7482
576.568 7590
576.306 7739
576.044 7907
575.782 8087
575.52 8195
575.258 8565
574.996 9009
574.734 9103
574.473 9300
574.211 9818
573.949 9941
573.687 10440
573.425 10583
573.163 10492
572.901 10574
572.639 10645
572.377 10017
572.115 9897
571.853 9475
571.591 8861
571.329 8575
571.067 8331
570.805 7904
570.543 7486
570.281 7340
570.019 7301
569.757 7125
569.495 6976
569.233 7003
568.971 6773
568.709 6683
568.447 6531
568.185 6479
567.923 6557
567.661 6530
567.399 6454
567.137 6514
566.875 6309
566.613 6421
566.351 6376
566.089 6380
565.827 6454
565.565 6279
565.303 6307
565.041 6350
564.779 6289
564.517 6335
564.255 6231
563.993 6206
563.731 6306
563.469 6300
563.207 6266
562.945 6411
562.684 6192
562.422 6330
562.16 6256
561.898 6248
561.636 6371
561.374 6377
561.112 6506
560.85 6232
560.588 6207
560.326 6328
560.064 6373
559.802 6307
559.54 6237
559.278 6279
559.016 6349
558.754 6306
558.492 6310
558.23 6285
557.968 6265
557.706 6357
557.444 6319
557.182 6215
556.92 6275
556.658 6341
556.396 6310
556.134 6339
555.872 6418
555.61 6369
555.348 6373
555.086 6159
554.824 6299
554.562 6234
554.3 6304
554.038 6276
553.776 6546
553.514 6415
553.252 6463
552.99 6537
552.728 6287
552.466 6293
552.204 6308
551.942 6254
551.68 6349
551.418 6307
551.156 6124
550.895 6198
550.633 6330
550.371 6458
550.109 6390
549.847 6276
549.585 6401
549.323 6321
549.061 6243
548.799 6245
548.537 6376
548.275 6567
548.013 6369
547.751 6413
547.489 6306
547.227 6301
546.965 6361
546.703 6324
546.441 6260
546.179 6325
545.917 6417
545.655 6240
545.393 6463
545.131 6352
544.869 6336
544.607 6457
544.345 6274
544.083 6296
543.821 6400
543.559 6214
543.297 6250
543.035 6215
542.773 6241
542.511 6288
542.249 6384
541.987 6219
541.725 6395
541.463 6226
541.201 6202
540.939 6372
540.677 6564
540.415 6485
540.153 6654
539.891 6571
539.629 6601
539.367 6650
539.105 6564
538.844 6423
538.582 6607
538.32 6460
538.058 6557
537.796 6406
537.534 6532
537.272 6397
537.01 6491
536.748 6483
536.486 6370
536.224 6463
535.962 6503
535.7 6436
535.438 6619
535.176 6562
534.914 6679
534.652 6711
534.39 6792
534.128 6880
533.866 7092
533.604 7317
533.342 7321
533.08 7588
532.818 7551
532.556 7821
532.294 7919
532.032 8020
531.77 8041
531.508 7927
531.246 7784
530.984 7818
530.722 7907
530.46 7678
530.198 7551
529.936 7525
529.674 7348
529.412 7163
529.15 6945
528.888 6731
528.626 6634
528.364 6455
528.102 6365
527.84 6181
527.578 6328
527.316 6268
527.055 6150
526.793 6228
526.531 6260
526.269 6138
526.007 6083
525.745 6205
525.483 6293
525.221 6153
524.959 6335
524.697 6386
524.435 6201
524.173 6212
523.911 6134
523.649 6197
523.387 6218
523.125 6225
522.863 6314
522.601 6309
522.339 6396
522.077 6240
521.815 6188
521.553 6378
521.291 6313
521.029 6306
520.767 6537
520.505 6423
520.243 6356
519.981 6243
519.719 6372
519.457 6282
519.195 6514
518.933 6204
518.671 6295
518.409 6346
518.147 6423
517.885 6300
517.623 6243
517.361 6447
517.099 6287
516.837 6415
516.575 6472
516.313 6353
516.051 6294
515.789 6149
515.527 6276
515.266 6262
515.004 6288
514.742 6391
514.48 6309
514.218 6315
513.956 6367
513.694 6271
513.432 6487
513.17 6413
512.908 6352
512.646 6315
512.384 6340
512.122 6497
511.86 6327
511.598 6249
511.336 6222
511.074 6258
510.812 6223
510.55 6242
510.288 6097
510.026 6415
509.764 6395
509.502 6359
509.24 6342
508.978 6358
508.716 6276
508.454 6269
508.192 6319
507.93 6492
507.668 6439
507.406 6418
507.144 6462
506.882 6281
506.62 6418
506.358 6425
506.096 6398
505.834 6479
505.572 6497
505.31 6359
505.048 6338
504.786 6441
504.524 6391
504.262 6335
504 6542
503.738 6436
503.477 6546
503.215 6414
502.953 6414
502.691 6434
502.429 6452
502.167 6425
501.905 6390
501.643 6493
501.381 6355
501.119 6487
500.857 6526
500.595 6419
500.333 6409
500.071 6450
499.809 6500
499.547 6451
499.285 6500
499.023 6504
498.761 6567
498.499 6603
498.237 6599
497.975 6506
497.713 6503
497.451 6540
497.189 6503
496.927 6561
496.665 6518
496.403 6554
496.141 6491
495.879 6669
495.617 6619
495.355 6550
495.093 6603
494.831 6687
494.569 6833
494.307 6471
494.045 6534
493.783 6651
493.521 6533
493.259 6566
492.997 6596
492.735 6553
492.473 6630
492.211 6520
491.949 6550
491.688 6616
491.426 6724
491.164 6536
490.902 6586
490.64 6692
490.378 6708
490.116 6778
489.854 6691
489.592 6731
489.33 6645
489.068 6645
488.806 6727
488.544 6628
488.282 6743
488.02 6682
487.758 6713
487.496 6678
487.234 6694
486.972 6739
486.71 6838
486.448 6749
486.186 6646
485.924 6670
485.662 6809
485.4 6803
485.138 6728
484.876 6747
484.614 6773
484.352 6757
484.09 6726
483.828 6725
483.566 6622
483.304 6711
483.042 6682
482.78 6569
482.518 6624
482.256 6707
481.994 6766
481.732 6868
481.47 6558
481.208 6840
480.946 6721
480.684 6631
480.422 6501
480.16 6643
479.899 6704
479.637 6650
479.375 6705
479.113 6752
478.851 6501
478.589 6860
478.327 6769
478.065 6773
477.803 6772
477.541 6764
477.279 6775
477.017 6699
476.755 6636
476.493 6704
476.231 6710
475.969 6773
475.707 6759
475.445 6727
475.183 6805
474.921 6632
474.659 6727
474.397 6755
474.135 6822
473.873 6844
473.611 6654
473.349 6733
473.087 6760
472.825 6937
472.563 6848
472.301 6828
472.039 6920
471.777 6868
471.515 6934
471.253 6990
470.991 6827
470.729 6845
470.467 6754
470.205 6983
469.943 6888
469.681 6979
469.419 7039
469.157 7087
468.895 7214
468.633 7086
468.371 7222
468.11 7426
467.848 7358
467.586 7361
467.324 7513
467.062 7521
466.8 7658
466.538 7706
466.276 7629
466.014 7759
465.752 7765
465.49 7590
465.228 7555
464.966 7583
464.704 7718
464.442 7576
464.18 7466
463.918 7414
463.656 7446
463.394 7333
463.132 7137
462.87 7194
462.608 7105
462.346 6970
462.084 7059
461.822 6990
461.56 6844
461.298 7022
461.036 6924
460.774 6781
460.512 6906
460.25 6772
459.988 6691
459.726 6698
459.464 6902
459.202 6723
458.94 6720
458.678 6706
458.416 6634
458.154 6730
457.892 6472
457.63 6752
457.368 6618
457.106 6479
456.844 6702
456.582 6607
456.321 6900
456.059 6543
455.797 6531
455.535 6580
455.273 6691
455.011 6774
454.749 6551
454.487 6654
454.225 6598
453.963 6701
453.701 6654
453.439 6609
453.177 6748
452.915 6523
452.653 6530
452.391 6570
452.129 6670
451.867 6400
451.605 6572
451.343 6601
451.081 6536
450.819 6596
450.557 6585
450.295 6639
450.033 6513
449.771 6609
449.509 6563
449.247 6523
448.985 6705
448.723 6587
448.461 6488
448.199 6671
447.937 6587
447.675 6679
447.413 6665
447.151 6740
446.889 6681
446.627 6768
446.365 6806
446.103 6722
445.841 6738
445.579 6956
445.317 6995
445.055 7150
444.793 7204
444.532 7192
444.27 7450
444.008 7446
443.746 7599
443.484 7686
443.222 7763
442.96 7964
442.698 7966
442.436 7963
442.174 7973
441.912 8043
441.65 8020
441.388 8058
441.126 7844
440.864 7698
440.602 7644
440.34 7539
440.078 7250
439.816 7469
439.554 7153
439.292 7157
439.03 6920
438.768 6909
438.506 6820
438.244 6802
437.982 6678
437.72 6634
437.458 6557
437.196 6598
436.934 6509
436.672 6401
436.41 6484
436.148 6486
435.886 6391
435.624 6222
435.362 6401
435.1 6365
434.838 6163
434.576 6173
434.314 6251
434.052 6229
433.79 6200
433.528 6331
433.266 6285
433.004 6240
432.743 6365
432.481 6211
432.219 6281
431.957 6317
431.695 6271
431.433 6138
431.171 6333
430.909 6284
430.647 6159
430.385 6362
430.123 6274
429.861 6204
429.599 6328
429.337 6297
429.075 6272
428.813 6273
428.551 6193
428.289 6339
428.027 6452
427.765 6260
427.503 6183
427.241 6196
426.979 6250
426.717 6368
426.455 6357
426.193 6369
425.931 6331
425.669 6363
425.407 6176
425.145 6254
424.883 6343
424.621 6284
424.359 6259
424.097 6223
423.835 6244
423.573 6102
423.311 6128
423.049 6301
422.787 6361
422.525 6294
422.263 6408
422.001 6268
421.739 6321
421.477 6464
421.215 6228
420.954 6275
420.692 6398
420.43 6310
420.168 6206
419.906 6352
419.644 6300
419.382 6214
419.12 6359
418.858 6267
418.596 6354
418.334 6315
418.072 6163
417.81 6323
417.548 6299
417.286 6286
417.024 6437
416.762 6405
416.5 6416
416.238 6345
415.976 6229
415.714 6428
415.452 6230
415.19 6442
414.928 6197
414.666 6377
414.404 6220
414.142 6362
413.88 6454
413.618 6373
413.356 6264
413.094 6373
412.832 6294
412.57 6291
412.308 6389
412.046 6475
411.784 6466
411.522 6382
411.26 6372
410.998 6466
410.736 6476
410.474 6466
410.212 6530
409.95 6417
409.688 6307
409.426 6473
409.165 6553
408.903 6430
408.641 6463
408.379 6542
408.117 6503
407.855 6607
407.593 6661
407.331 6480
407.069 6601
406.807 6540
406.545 6646
406.283 6654
406.021 6555
405.759 6485
405.497 6601
405.235 6561
404.973 6525
404.711 6467
404.449 6816
404.187 6504
403.925 6638
403.663 6466
403.401 6706
403.139 6633
402.877 6569
402.615 6702
402.353 6634
402.091 6666
401.829 6752
401.567 6766
401.305 6802
401.043 6699
400.781 6913
400.519 6803
400.257 6818
399.995 6859
399.733 6936
399.471 6830
399.209 6762
398.947 6820
398.685 6928
398.423 6765
398.161 6830
397.899 6924
397.637 7075
397.376 6906
397.114 6771
396.852 6926
396.59 7085
396.328 6864
396.066 7037
395.804 6889
395.542 6946
395.28 6960
395.018 7007
394.756 6978
394.494 7118
394.232 7093
393.97 7009
393.708 6966
393.446 7033
393.184 6998
392.922 6979
392.66 6960
392.398 6918
392.136 7047
391.874 6939
391.612 7049
391.35 6811
391.088 6963
390.826 6831
390.564 6634
390.302 6768
390.04 6780
389.778 6616
389.516 6848
389.254 6645
388.992 6797
388.73 6591
388.468 6691
388.206 6728
387.944 6511
387.682 6414
387.42 6564
387.158 6381
386.896 6429
386.634 6347
386.372 6380
386.11 6405
385.848 6238
385.586 6301
385.325 6279
385.063 6145
384.801 6112
384.539 6015
384.277 6142
384.015 6075
383.753 5858
383.491 5971
383.229 6004
382.967 5918
382.705 5959
382.443 5650
382.181 5902
381.919 5906
381.657 5715
381.395 5751
381.133 5739
380.871 5663
380.609 5748
380.347 5611
380.085 5593
379.823 5593
379.561 5605
379.299 5633
379.037 5624
378.775 5599
378.513 5644
378.251 5702
377.989 5803
377.727 5958
377.465 6082
377.203 6078
376.941 6225
376.679 6429
376.417 7024
376.155 7383
375.893 8134
375.631 8835
375.369 9816
375.107 11229
374.845 13159
374.583 15607
374.321 17279
374.059 17978
373.797 16362
373.536 13546
373.274 10571
373.012 8143
372.75 6615
372.488 5973
372.226 5689
371.964 5559
371.702 5514
371.44 5630
371.178 5712
370.916 5907
370.654 6225
370.392 6688
370.13 7564
369.868 8423
369.606 9717
369.344 11291
369.082 13388
368.82 16336
368.558 20025
368.296 22701
368.034 22997
367.772 20049
367.51 15778
367.248 11251
366.986 7806
366.724 5542
366.462 4516
366.2 3979
365.938 3750
365.676 3531
365.414 3407
365.152 3345
364.89 3396
364.628 3211
364.366 3134
364.104 3255
363.842 3085
363.58 3072
363.318 3005
363.056 3035
362.794 2995
362.532 2871
362.27 2965
362.008 2951
361.747 2880
361.485 2921
361.223 2826
360.961 2854
360.699 2887
360.437 2887
360.175 2831
359.913 2842
359.651 2968
359.389 2922
359.127 2864
358.865 2888
358.603 2861
358.341 2814
358.079 2901
357.817 2960
357.555 2959
357.293 2934
357.031 2924
356.769 2985
356.507 2914
356.245 3030
355.983 3071
355.721 2898
355.459 2889
355.197 2856
354.935 2966
354.673 2980
354.411 3028
354.149 3022
353.887 3027
353.625 2893
353.363 2995
353.101 2919
352.839 2998
352.577 2964
352.315 3013
352.053 2990
351.791 2873
351.529 2974
351.267 2985
351.005 2978
350.743 3093
350.481 2973
350.219 3057
349.958 3017
349.696 3003
349.434 3107
349.172 2946
348.91 2970
348.648 2926
348.386 2968
348.124 2967
347.862 3032
347.6 3032
347.338 2928
347.076 2941
346.814 3021
346.552 3033
346.29 3038
346.028 3005
345.766 3021
345.504 3061
345.242 3011
344.98 2982
344.718 3007
344.456 2989
344.194 3055
343.932 2952
343.67 3061
343.408 2885
343.146 3000
342.884 2871
342.622 2958
342.36 2984
342.098 2998
341.836 2904
341.574 3032
341.312 3000
341.05 2941
340.788 2991
340.526 2946
340.264 2960
340.002 2958
339.74 2932
339.478 2940
339.216 3008
338.954 2951
338.692 2918
338.43 3060
338.169 3133
337.907 3002
337.645 3032
337.383 3043
337.121 3049
336.859 3000
336.597 3012
336.335 3018
336.073 3192
335.811 3139
335.549 3081
335.287 3018
335.025 2988
334.763 3104
334.501 2961
334.239 3157
333.977 3113
333.715 3114
333.453 3111
333.191 3273
332.929 3173
332.667 3278
332.405 3205
332.143 3131
331.881 3166
331.619 3159
331.357 3161
331.095 3248
330.833 3202
330.571 3135
330.309 3191
330.047 3169
329.785 3105
329.523 3046
329.261 3097
328.999 2951
328.737 3009
328.475 3008
328.213 3078
327.951 3010
327.689 2961
327.427 3007
327.165 2912
326.903 2908
326.641 2985
326.38 2955
326.118 2848
325.856 2887
325.594 2907
325.332 2967
325.07 2901
324.808 2917
324.546 2895
324.284 2940
324.022 2857
323.76 2893
323.498 3011
323.236 2969
322.974 2995
322.712 2919
322.45 2841
322.188 2847
321.926 2929
321.664 2938
321.402 2987
321.14 2992
320.878 2917
320.616 2946
320.354 2921
320.092 2950
319.83 2919
319.568 2897
319.306 2880
319.044 2983
318.782 2957
318.52 2933
318.258 3110
317.996 3037
317.734 3088
317.472 3077
317.21 3196
316.948 3070
316.686 3109
316.424 3158
316.162 3270
315.9 3237
315.638 3249
315.376 3334
315.114 3313
314.852 3334
314.591 3378
314.329 3259
314.067 3366
313.805 3219
313.543 3191
313.281 3133
313.019 3176
312.757 3055
312.495 3051
312.233 2953
311.971 3015
311.709 3043
311.447 2912
311.185 3022
310.923 2970
310.661 2994
310.399 2973
310.137 2869
309.875 2980
309.613 2896
309.351 2865
309.089 2954
308.827 2838
308.565 2916
308.303 2874
308.041 2858
307.779 2864
307.517 2843
307.255 2908
306.993 2796
306.731 3013
306.469 2965
306.207 2884
305.945 2877
305.683 2889
305.421 2908
305.159 2883
304.897 2891
304.635 2958
304.373 2920
304.111 2917
303.849 2943
303.587 2915
303.325 2865
303.063 2911
302.802 2852
302.54 2924
302.278 2967
302.016 3037
301.754 2944
301.492 2881
301.23 2844
300.968 2817
300.706 2803
300.444 2934
300.182 2885
299.92 2893
299.658 2960
299.396 2863
299.134 2803
298.872 2878
298.61 2900
298.348 2767
298.086 2900
297.824 2837
297.562 2817
297.3 2812
297.038 2828
296.776 2797
296.514 2752
296.252 2802
295.99 2857
295.728 2818
295.466 2812
295.204 2878
294.942 2835
294.68 2797
294.418 2750
294.156 2778
293.894 2875
293.632 2868
293.37 2948
293.108 2715
292.846 2821
292.584 2847
292.322 2744
292.06 2909
291.798 2803
291.536 2799
291.274 2828
291.013 2853
290.751 2967
290.489 2961
290.227 2918
289.965 2899
289.703 2893
289.441 3015
289.179 3016
288.917 2960
288.655 3061
288.393 3236
288.131 3160
287.869 3232
287.607 3357
287.345 3424
287.083 3572
286.821 3581
286.559 3790
286.297 3951
286.035 4190
285.773 4445
285.511 4747
285.249 5173
284.987 5331
284.725 5289
284.463 5195
284.201 4842
283.939 4436
283.677 3931
283.415 3384
283.153 3314
282.891 2979
282.629 2880
282.367 2843
282.105 2824
281.843 2762
281.581 2804
281.319 2733
281.057 2685
280.795 2772
280.533 2759
280.271 2783
280.009 2735
279.747 2769
279.485 2775
279.224 2741
278.962 2775
278.7 2742
278.438 2770
278.176 2738
277.914 2654
277.652 2724
277.39 2720
277.128 2825
276.866 2771
276.604 2779
276.342 2703
276.08 2696
275.818 2872
275.556 2699
275.294 2828
275.032 2728
274.77 2814
274.508 2759
274.246 2711
273.984 2719
273.722 2770
273.46 2828
273.198 2758
272.936 2772
272.674 2764
272.412 2872
272.15 2750
271.888 2786
271.626 2819
271.364 2839
271.102 2848
270.84 2790
270.578 2788
270.316 2743
270.054 2773
269.792 2760
269.53 2831
269.268 2688
269.006 2767
268.744 2835
268.482 2868
268.22 2856
267.958 2771
267.696 2854
267.435 2888
267.173 2796
266.911 2792
266.649 2785
266.387 2771
266.125 2799
265.863 2859
265.601 2839
265.339 2828
265.077 2816
264.815 2880
264.553 2837
264.291 2846
264.029 2830
263.767 2795
263.505 2845
263.243 2672
262.981 2718
262.719 2905
262.457 2760
262.195 2829
261.933 2800
261.671 2842
261.409 2883
261.147 2881
260.885 2983
260.623 2840
260.361 2879
260.099 2881
259.837 2806
259.575 2847
259.313 2921
259.051 2865
258.789 2802
258.527 2831
258.265 2959
258.003 2883
257.741 2837
257.479 2844
257.217 2942
256.955 2824
256.693 2900
256.431 2908
256.169 2968
255.907 2862
255.646 2955
255.384 2930
255.122 3054
254.86 2846
254.598 2860
254.336 2845
254.074 2946
253.812 2856
253.55 2878
253.288 2966
253.026 2995
252.764 2890
252.502 2897
252.24 2956
251.978 2845
251.716 2781
251.454 2961
251.192 2934
250.93 2890
250.668 2904
250.406 2980
250.144 2955
249.882 2906
249.62 2874
249.358 2810
249.096 2958
248.834 2932
248.572 2931
248.31 2987
248.048 2901
247.786 2929
247.524 2899
247.262 2875
247 2939
246.738 2978
246.476 3032
246.214 2912
245.952 2951
245.69 2971
245.428 2999
245.166 2953
244.904 2931
244.642 2944
244.38 3045
244.118 2930
243.857 3014
243.595 3013
243.333 3000
243.071 3028
242.809 3036
242.547 3094
242.285 3114
242.023 3012
241.761 3091
241.499 3019
241.237 2975
240.975 3001
240.713 3007
240.451 2952
240.189 3029
239.927 3029
239.665 3035
239.403 3133
239.141 2922
238.879 2985
238.617 3017
238.355 3006
238.093 3019
237.831 3008
237.569 3017
237.307 3015
237.045 3175
236.783 3004
236.521 3078
236.259 2970
235.997 2985
235.735 3041
235.473 3042
235.211 2973
234.949 3059
234.687 3027
234.425 3074
234.163 3183
233.901 3039
233.639 3153
233.377 3012
233.115 3112
232.853 3101
232.591 3055
232.329 3134
232.068 3140
231.806 3125
231.544 3072
231.282 3116
231.02 3152
230.758 3068
230.496 3192
230.234 2997
229.972 3058
229.71 3117
229.448 3105
229.186 3068
228.924 3145
228.662 3220
228.4 3071
228.138 3182
227.876 3140
227.614 3078
227.352 3105
227.09 3227
226.828 3209
226.566 3063
226.304 3116
226.042 3172
225.78 3036
225.518 3233
225.256 3037
224.994 3175
224.732 3185
224.47 3164
224.208 3153
223.946 3144
223.684 3244
223.422 3143
223.16 3102
222.898 3112
222.636 3149
222.374 3173
222.112 3091
221.85 3180
221.588 3136
221.326 3113
221.064 3173
220.802 3251
220.54 3120
220.278 3123
220.017 3110
219.755 3142
219.493 3158
219.231 3081
218.969 3220
218.707 3197
218.445 3198
218.183 3175
217.921 3276
217.659 3294
217.397 3117
217.135 3172
216.873 3241
216.611 3185
216.349 3224
216.087 3264
215.825 3105
215.563 3172
215.301 3157
215.039 3227
214.777 3288
214.515 3164
214.253 3283
213.991 3176
213.729 3146
213.467 3225
213.205 3218
212.943 3135
212.681 3218
212.419 3202
212.157 3148
211.895 3235
211.633 3223
211.371 3104
211.109 3240
210.847 3162
210.585 3190
210.323 3296
210.061 3172
209.799 3141
209.537 3175
209.275 3111
209.013 3292
208.751 3194
208.489 3171
208.228 3225
207.966 3270
207.704 3258
207.442 3270
207.18 3258
206.918 3212
206.656 3301
206.394 3176
206.132 3244
205.87 3321
205.608 3184
205.346 3373
205.084 3287
204.822 3348
204.56 3232
204.298 3190
204.036 3377
203.774 3201
203.512 3258
203.25 3313
202.988 3293
202.726 3190
202.464 3252
202.202 3224
201.94 3278
201.678 3313
201.416 3278
201.154 3271
200.892 3312
200.63 3325
200.368 3236
200.106 3261
199.844 3173
199.582 3306
199.32 3316
199.058 3414
198.796 3287
198.534 3326
198.272 3374
198.01 3341
197.748 3532
197.486 3288
197.224 3275
196.962 3301
196.7 3339
196.439 3383
196.177 3319
195.915 3347
195.653 3279
195.391 3446
195.129 3461
194.867 3354
194.605 3340
194.343 3401
194.081 3382
193.819 3435
193.557 3411
193.295 3496
193.033 3377
192.771 3380
192.509 3365
192.247 3398
191.985 3336
191.723 3429
191.461 3503
191.199 3480
190.937 3527
190.675 3567
190.413 3458
190.151 3412
189.889 3531
189.627 3565
189.365 3566
189.103 3573
188.841 3436
188.579 3525
188.317 3557
188.055 3471
187.793 3564
187.531 3447
187.269 3580
187.007 3592
186.745 3592
186.483 3578
186.221 3613
185.959 3518
185.697 3565
185.435 3585
185.173 3563
184.911 3553
184.65 3768
184.388 3579
184.126 3743
183.864 3778
183.602 3665
183.34 3718
183.078 3694
182.816 3704
182.554 3671
182.292 3621
182.03 3706
181.768 3725
181.506 3719
181.244 3746
180.982 3682
180.72 3700
180.458 3757
180.196 3586
179.934 3680
179.672 3655
179.41 3767
179.148 3699
178.886 3683
178.624 3640
178.362 3602
178.1 3549
177.838 3591
177.576 3566
177.314 3523
177.052 3586
176.79 3465
176.528 3497
176.266 3524
176.004 3447
175.742 3487
175.48 3563
175.218 3437
174.956 3431
174.694 3372
174.432 3429
174.17 3509
173.908 3428
173.646 3389
173.384 3441
173.122 3359
172.861 3252
172.599 3305
172.337 3296
172.075 3339
171.813 3247
171.551 3246
171.289 3251
171.027 3247
170.765 3091
170.503 3187
170.241 3061
169.979 3160
169.717 3178
169.455 3172
169.193 3114
168.931 3126
168.669 3146
168.407 3066
168.145 3239
167.883 3165
167.621 3304
167.359 3259
167.097 3477
166.835 3553
166.573 3843
166.311 3910
166.049 4193
165.787 4602
165.525 4992
165.263 5482
165.001 6276
164.739 6841
164.477 7412
164.215 7137
163.953 6921
163.691 6189
163.429 5722
163.167 5062
162.905 5023
162.643 4983
162.381 4872
162.119 4527
161.857 4144
161.595 3867
161.333 3835
161.072 3811
160.81 4289
160.548 4769
160.286 5206
160.024 5833
159.762 6767
159.5 7646
159.238 8325
158.976 8282
158.714 7762
158.452 7061
158.19 6340
157.928 5580
157.666 5261
157.404 5219
157.142 4817
156.88 4450
156.618 3709
156.356 3147
156.094 2665
155.832 2385
155.57 2342
155.308 2289
155.046 2222
154.784 2212
154.522 2217
154.26 2145
153.998 2167
153.736 2241
153.474 2111
153.212 2164
152.95 2104
152.688 2139
152.426 2126
152.164 2122
151.902 2099
151.64 2012
151.378 1927
151.116 2014
150.854 1970
150.592 1886
150.33 2000
150.068 2025
149.806 1994
149.544 2041
149.283 2016
149.021 1947
148.759 1944
148.497 2020
148.235 2028
147.973 2010
147.711 2011
147.449 2040
147.187 2047
146.925 2013
146.663 2001
146.401 1915
146.139 1987
145.877 2046
145.615 1983
145.353 1958
145.091 1946
144.829 2026
144.567 2016
144.305 1983
144.043 2008
143.781 2067
143.519 1978
143.257 1957
142.995 1950
142.733 2019
142.471 1988
142.209 2035
141.947 2016
141.685 2034
141.423 1966
141.161 1956
140.899 2002
140.637 2025
140.375 1990
140.113 1974
139.851 2027
139.589 2012
139.327 2054
139.065 2008
138.803 1995
138.541 2046
138.279 2039
138.017 1879
137.755 1952
137.494 2035
137.232 2069
136.97 2071
136.708 2087
136.446 2016
136.184 2143
135.922 2001
135.66 2087
135.398 2051
135.136 1989
134.874 2025
134.612 2027
134.35 2071
134.088 2027
133.826 1996
133.564 2027
133.302 1972
133.04 2066
132.778 2109
132.516 1969
132.254 2024
131.992 1999
131.73 2071
131.468 2043
131.206 2025
130.944 2018
130.682 2187
130.42 2112
130.158 2148
129.896 2044
129.634 2051
129.372 2007
129.11 2075
128.848 1985
128.586 1957
128.324 2044
128.062 2021
127.8 2055
127.538 2012
127.276 2026
127.014 2090
126.752 2054
126.49 1996
126.228 2111
125.966 2103
125.705 2066
125.443 2106
125.181 2095
124.919 2004
124.657 2073
124.395 1995
124.133 2042
123.871 2120
123.609 2028
123.347 2129
123.085 2058
122.823 2216
122.561 2133
122.299 2098
122.037 2118
121.775 2132
121.513 2163
121.251 2053
120.989 2165
120.727 2056
120.465 2099
120.203 2167
119.941 2164
119.679 2142
119.417 2146
119.155 2044
118.893 2187
118.631 2137
118.369 2119
118.107 2108
117.845 2038
117.583 2076
117.321 2052
117.059 2118
116.797 2120
116.535 2027
116.273 1955
116.011 2133
115.749 2154
115.487 2025
115.225 2120
114.963 2002
114.701 2005
114.439 2109
114.177 2053
113.916 2058
113.654 2116
113.392 2056
113.13 2077
112.868 2004
112.606 2084
112.344 2068
112.082 2111
111.82 2187
111.558 2123
111.296 2044
111.034 2094
110.772 2055
110.51 2119
110.248 2004
109.986 2170
109.724 2064
109.462 2114
109.2 2071
108.938 1983
108.676 2100
108.414 2043
108.152 2091
107.89 2035
107.628 2111
107.366 2042
107.104 2107
106.842 2160
106.58 2072
106.318 2067
106.056 2028
105.794 2136
105.532 2133
105.27 2099
105.008 2167
104.746 2090
104.484 2085
104.222 2172
103.96 2238
103.698 2201
103.436 2244
103.174 2217
102.912 2240
102.65 2260
102.388 2254
102.127 2296
101.865 2271
101.603 2304
101.341 2318
101.079 2246
100.817 2238
100.555 2334
100.293 2231
100.031 2274
99.7687 2252
99.5067 2298
99.2447 2422
98.9828 2321
98.7208 2413
98.4588 2342
98.1968 2336
97.9349 2452
97.6729 2370
97.4109 2416
97.1489 2396
96.8869 2409
96.625 2415
96.363 2391
96.101 2426
95.839 2351
95.5771 2369
95.3151 2433
95.0531 2308
94.7911 2338
94.5291 2201
94.2672 2252
94.0052 2132
93.7432 2162
93.4812 2149
93.2193 2230
92.9573 2266
92.6953 2134
92.4333 2173
92.1713 2028
91.9094 2174
91.6474 2164
91.3854 2074
91.1234 2030
90.8615 2113
90.5995 2028
90.3375 1962
90.0755 2141
89.8135 1922
89.5516 1987
89.2896 2019
89.0276 1954
88.7656 2002
88.5037 1928
88.2417 1985
87.9797 1904
87.7177 1942
87.4557 1864
87.1938 1882
86.9318 1901
86.6698 1884
86.4078 1916
86.1459 1890
85.8839 1923
85.6219 1891
85.3599 1863
85.0979 1820
84.836 1939
84.574 1884
84.312 1784
84.05 1918
83.7881 1825
83.5261 1803
83.2641 1819
83.0021 1881
82.7401 1855
82.4782 1803
82.2162 1850
81.9542 1849
81.6922 1882
81.4303 1772
81.1683 1841
80.9063 1810
80.6443 1813
80.3823 1816
80.1204 1785
79.8584 1839
79.5964 1804
79.3344 1847
79.0725 1713
78.8105 1674
78.5485 1824
78.2865 1839
78.0245 1882
77.7626 1836
77.5006 1787
77.2386 1913
76.9766 1946
76.7147 1928
76.4527 1991
76.1907 2066
75.9287 2194
75.6667 2280
75.4048 2459
75.1428 2547
74.8808 2613
74.6188 2567
74.3569 2468
74.0949 2316
73.8329 2202
73.5709 2146
73.3089 2014
73.047 2072
72.785 2236
72.523 2282
72.261 2424
71.9991 2616
71.7371 2754
71.4751 2827
71.2131 2756
70.9511 2438
70.6892 2072
70.4272 1899
70.1652 1752
69.9032 1669
69.6413 1622
69.3793 1597
69.1173 1562
68.8553 1581
68.5933 1508
68.3314 1671
68.0694 1641
67.8074 1622
67.5454 1669
67.2835 1635
67.0215 1677
66.7595 1636
66.4975 1663
66.2355 1697
65.9736 1729
65.7116 1729
65.4496 1781
65.1876 1725
64.9257 1750
64.6637 1787
64.4017 1756
64.1397 1741
63.8777 1757
63.6158 1758
63.3538 1746
63.0918 1787
62.8298 1808
62.5679 1785
62.3059 1788
62.0439 1809
61.7819 1793
61.5199 1831
61.258 1780
60.996 1772
60.734 1838
60.472 1938
60.2101 1864
59.9481 1917
59.6861 1885
59.4241 1916
59.1621 1910
58.9002 1859
58.6382 1831
58.3762 1888
58.1142 1898
57.8523 1837
57.5903 1734
57.3283 1792
57.0663 1723
56.8043 1776
56.5424 1713
56.2804 1711
56.0184 1694
55.7564 1637
55.4945 1617
55.2325 1506
54.9705 1552
54.7085 1552
54.4465 1402
54.1846 1430
53.9226 1420
53.6606 1343
53.3986 1332
53.1367 1406
52.8747 1253
52.6127 1298
52.3507 1329
52.0887 1247
51.8268 1259
51.5648 1222
51.3028 1238
51.0408 1214
50.7789 1167
50.5169 1175
50.2549 1087
49.9929 1127
49.7309 1138
49.469 1108
49.207 1098
48.945 1129
48.683 1065
48.4211 1050
48.1591 1027
47.8971 1011
47.6351 1052
47.3731 989
47.1112 1035
46.8492 978
46.5872 1009
46.3252 1003
46.0633 1014
45.8013 1032
45.5393 1007
45.2773 1005
45.0153 960
44.7534 971
44.4914 998
44.2294 982
43.9674 970
43.7055 997
43.4435 995
43.1815 960
42.9195 948
42.6575 1012
42.3956 940
42.1336 959
41.8716 966
41.6096 958
41.3477 977
41.0857 930
40.8237 952
40.5617 928
40.2997 956
40.0378 926
39.7758 925
39.5138 888
39.2518 884
38.9899 974
38.7279 923
38.4659 907
38.2039 893
37.9419 903
37.68 919
37.418 880
37.156 901
36.894 910
36.6321 915
36.3701 921
36.1081 921
35.8461 890
35.5841 925
35.3222 886
35.0602 898
34.7982 902
34.5362 966
34.2743 860
34.0123 976
33.7503 881
33.4883 952
33.2263 994
32.9644 909
32.7024 991
32.4404 978
32.1784 927
31.9165 975
31.6545 1057
31.3925 950
31.1305 967
30.8685 1046
30.6066 1133
30.3446 1215
30.0826 1304
29.8206 1451
29.5586 1460
29.2967 1505
29.0347 1614
28.7727 1570
28.5107 1550
28.2488 1506
27.9868 1422
27.7248 1546
27.4628 1516
27.2008 1600
26.9389 1709
26.6769 1722
26.4149 1825
26.1529 1968
25.891 1816
25.629 1664
25.367 1516
25.105 1423
24.843 1361
24.5811 1382
24.3191 1398
24.0571 1225
23.7951 1162
23.5332 986
23.2712 938
23.0092 852
22.7472 782
22.4852 860
22.2233 772
21.9613 785
21.6993 753
21.4373 748
21.1754 748
20.9134 749
20.6514 731
20.3894 696
20.1274 700
19.8655 673
19.6035 665
19.3415 638
19.0795 734
18.8176 639
18.5556 596
18.2936 686
18.0316 643
17.7696 659
17.5077 715
17.2457 642
16.9837 631
16.7217 636
16.4598 635
16.1978 614
15.9358 602
15.6738 630
15.4118 640
15.1499 581
14.8879 603
14.6259 556
14.3639 606
14.102 591
13.84 587
13.578 587
13.316 626
13.054 605
12.7921 634
12.5301 623
12.2681 609
12.0061 581
11.7442 643
11.4822 585
11.2202 597
10.9582 627
10.6962 611
10.4343 642
10.1723 644
9.91031 682
9.64834 702
9.38636 726
9.12438 797
8.8624 825
8.60042 881
8.33845 1019
8.07647 1250
7.81449 1395
7.55251 1756
7.29054 1967
7.02856 2207
6.76658 2395
6.5046 2653
6.24262 2647
5.98065 2735
5.71867 2876
5.45669 2793
5.19471 2939
4.93274 2969
4.67076 2686
4.40878 2517
4.1468 2047
3.88482 1557
3.62285 1191
3.36087 909
3.09889 642
2.83691 565
2.57494 513
2.31296 476
2.05098 447
1.789 397
1.52702 346
1.26505 372
1.00307 326
0.74109 293
0.479113 250
0.217135 254
-0.044843 182
-0.306821 154
-0.568799 157
-0.830776 125
-1.09275 126
-1.35473 135
-1.61671 117
-1.87869 110
-2.14067 119
-2.40264 147
-2.66462 104
-2.9266 129
-3.18858 112
-3.45055 105
-3.71253 116
-3.97451 97
-4.23649 98
-4.49847 113
-4.76044 116
-5.02242 117
-5.2844 103
-5.54638 129
-5.80835 98
-6.07033 114
-6.33231 122
-6.59429 100
-6.85627 116
-7.11824 116
-7.38022 111
-7.6422 104
-7.90418 102
-8.16616 122
-8.42813 113
-8.69011 108
-8.95209 108
-9.21407 103
-9.47604 106
-9.73802 110
-10 118
