1100 1874
1099.74 1842
1099.48 1865
1099.21 1920
1098.95 1934
1098.69 1940
1098.43 1867
1098.17 1897
1097.9 1858
1097.64 1945
1097.38 1797
1097.12 1867
1096.86 1887
1096.59 1836
1096.33 1892
1096.07 1807
1095.81 1855
1095.55 1926
1095.28 1910
1095.02 1972
1094.76 1901
1094.5 1898
1094.24 1857
1093.97 1902
1093.71 1931
1093.45 1913
1093.19 1956
1092.93 1964
1092.66 1837
1092.4 1945
1092.14 1873
1091.88 1861
1091.62 1914
1091.35 1954
1091.09 1870
1090.83 1873
1090.57 1967
1090.31 1951
1090.04 1821
1089.78 1925
1089.52 1999
1089.26 1890
1089 1899
1088.73 1872
1088.47 1907
1088.21 1922
1087.95 1801
1087.69 2000
1087.43 1895
1087.16 1933
1086.9 1939
1086.64 1903
1086.38 1843
1086.12 1930
1085.85 1818
1085.59 1923
1085.33 1935
1085.07 1919
1084.81 1973
1084.54 1916
1084.28 1930
1084.02 1988
1083.76 1968
1083.5 1910
1083.23 1961
1082.97 1912
1082.71 1972
1082.45 1878
1082.19 1998
1081.92 1859
1081.66 1909
1081.4 1902
1081.14 1883
1080.88 1820
1080.61 1967
1080.35 1832
1080.09 1883
1079.83 1858
1079.57 1969
1079.3 1953
1079.04 1924
1078.78 1919
1078.52 1912
1078.26 1969
1077.99 2014
1077.73 2022
1077.47 1907
1077.21 1997
1076.95 1879
1076.68 1947
1076.42 1925
1076.16 1921
1075.9 1917
1075.64 1888
1075.37 1977
1075.11 1845
1074.85 1927
1074.59 1872
1074.33 1889
1074.06 1963
1073.8 1875
1073.54 1980
1073.28 1928
1073.02 1956
1072.75 1903
1072.49 1952
1072.23 1959
1071.97 1942
1071.71 1918
1071.44 1900
1071.18 1931
1070.92 1930
1070.66 1973
1070.4 1922
1070.13 1877
1069.87 1957
1069.61 2026
1069.35 1905
1069.09 1915
1068.82 1879
1068.56 1955
1068.3 1933
1068.04 1908
1067.78 1891
1067.51 1865
1067.25 1908
1066.99 1991
1066.73 1940
1066.47 1871
1066.2 1933
1065.94 1943
1065.68 1862
1065.42 2004
1065.16 1835
1064.89 1939
1064.63 1920
1064.37 1930
1064.11 1920
1063.85 2003
1063.59 1991
1063.32 1914
1063.06 1973
1062.8 1925
1062.54 1918
1062.28 1917
1062.01 1961
1061.75 1849
1061.49 1962
1061.23 1925
1060.97 1988
1060.7 1987
1060.44 1959
1060.18 1962
1059.92 1891
1059.66 2016
1059.39 1977
1059.13 1945
1058.87 2041
1058.61 1840
1058.35 1970
1058.08 1920
1057.82 2036
1057.56 2022
1057.3 1905
1057.04 1986
1056.77 1976
1056.51 1982
1056.25 1932
1055.99 1963
1055.73 1968
1055.46 1956
1055.2 1940
1054.94 1974
1054.68 1954
1054.42 2027
1054.15 1920
1053.89 1956
1053.63 2002
1053.37 2072
1053.11 2010
1052.84 1959
1052.58 1905
1052.32 1914
1052.06 1921
1051.8 1970
1051.53 2021
1051.27 2021
1051.01 1887
1050.75 2022
1050.49 1965
1050.22 2011
1049.96 1956
1049.7 2007
1049.44 1968
1049.18 1980
1048.91 1930
1048.65 1931
1048.39 2012
1048.13 1921
1047.87 2011
1047.6 1958
1047.34 2071
1047.08 2067
1046.82 2010
1046.56 2022
1046.29 1968
1046.03 2059
1045.77 2005
1045.51 1952
1045.25 1951
1044.98 1966
1044.72 1980
1044.46 1976
1044.2 1993
1043.94 2027
1043.67 1977
1043.41 1959
1043.15 2020
1042.89 1975
1042.63 1875
1042.36 1974
1042.1 2006
1041.84 2012
1041.58 1954
1041.32 1983
1041.05 2021
1040.79 1982
1040.53 1915
1040.27 1978
1040.01 1979
1039.75 2021
1039.48 2034
1039.22 2010
1038.96 2058
1038.7 1988
1038.44 1991
1038.17 1981
1037.91 2025
1037.65 2003
1037.39 1984
1037.13 1973
1036.86 2001
1036.6 2070
1036.34 1986
1036.08 2049
1035.82 1992
1035.55 1996
1035.29 1988
1035.03 1984
1034.77 1982
1034.51 2033
1034.24 1996
1033.98 2023
1033.72 1972
1033.46 2071
1033.2 2054
1032.93 1975
1032.67 1981
1032.41 2122
1032.15 1950
1031.89 1913
1031.62 2066
1031.36 1973
1031.1 2069
1030.84 1955
1030.58 2032
1030.31 2015
1030.05 2088
1029.79 2008
1029.53 2085
1029.27 1968
1029 2070
1028.74 2073
1028.48 2065
1028.22 2059
1027.96 2046
1027.69 2009
1027.43 2103
1027.17 2079
1026.91 2053
1026.65 1997
1026.38 2074
1026.12 1982
1025.86 2117
1025.6 2013
1025.34 2075
1025.07 2067
1024.81 2058
1024.55 2164
1024.29 2082
1024.03 1933
1023.76 2014
1023.5 1985
1023.24 1997
1022.98 2066
1022.72 2060
1022.45 2074
1022.19 2128
1021.93 2016
1021.67 2108
1021.41 2084
1021.14 1957
1020.88 2053
1020.62 2090
1020.36 2061
1020.1 2102
1019.83 2046
1019.57 2140
1019.31 2007
1019.05 2054
1018.79 2066
1018.52 2053
1018.26 2002
1018 2002
1017.74 2022
1017.48 2036
1017.22 2092
1016.95 2115
1016.69 2044
1016.43 2108
1016.17 2091
1015.91 2043
1015.64 2068
1015.38 2099
1015.12 2006
1014.86 2083
1014.6 2180
1014.33 2054
1014.07 2003
1013.81 2006
1013.55 2011
1013.29 2125
1013.02 2087
1012.76 2163
1012.5 2159
1012.24 2118
1011.98 2052
1011.71 2082
1011.45 2089
1011.19 2098
1010.93 2213
1010.67 2085
1010.4 2149
1010.14 2074
1009.88 2186
1009.62 2039
1009.36 2103
1009.09 2171
1008.83 2071
1008.57 2041
1008.31 2180
1008.05 2047
1007.78 2061
1007.52 2117
1007.26 2088
1007 2149
1006.74 2070
1006.47 2019
1006.21 2131
1005.95 2045
1005.69 2062
1005.43 2106
1005.16 2117
1004.9 2177
1004.64 2134
1004.38 2108
1004.12 2059
1003.85 2153
1003.59 2120
1003.33 2121
1003.07 2112
1002.81 2114
1002.54 2190
1002.28 2102
1002.02 2081
1001.76 2117
1001.5 2078
1001.23 2099
1000.97 2180
1000.71 2228
1000.45 2170
1000.19 2210
999.924 2214
999.662 2195
999.401 2145
999.139 2202
998.877 2224
998.615 2180
998.353 2128
998.091 2199
997.829 2174
997.567 2169
997.305 2167
997.043 2192
996.781 2189
996.519 2168
996.257 2206
995.995 2150
995.733 2181
995.471 2173
995.209 2111
994.947 2283
994.685 2158
994.423 2244
994.161 2139
993.899 2123
993.637 2175
993.375 2175
993.113 2153
992.851 2131
992.589 2169
992.327 2116
992.065 2152
991.803 2152
991.541 2170
991.279 2191
991.017 2226
990.755 2140
990.493 2104
990.231 2103
989.969 2158
989.707 2104
989.445 2207
989.183 2181
988.921 2222
988.659 2194
988.397 2142
988.135 2078
987.873 2154
987.612 2305
987.35 2122
987.088 2241
986.826 2240
986.564 2120
986.302 2229
986.04 2201
985.778 2200
985.516 2228
985.254 2229
984.992 2079
984.73 2145
984.468 2251
984.206 2223
983.944 2248
983.682 2152
983.42 2241
983.158 2200
982.896 2235
982.634 2217
982.372 2149
982.11 2144
981.848 2160
981.586 2160
981.324 2278
981.062 2221
980.8 2265
980.538 2211
980.276 2188
980.014 2186
979.752 2249
979.49 2231
979.228 2169
978.966 2160
978.704 2159
978.442 2243
978.18 2191
977.918 2236
977.656 2295
977.394 2252
977.132 2143
976.87 2248
976.608 2223
976.346 2238
976.084 2176
975.823 2203
975.561 2203
975.299 2198
975.037 2212
974.775 2245
974.513 2123
974.251 2191
973.989 2319
973.727 2241
973.465 2237
973.203 2207
972.941 2177
972.679 2203
972.417 2231
972.155 2147
971.893 2202
971.631 2224
971.369 2206
971.107 2193
970.845 2286
970.583 2185
970.321 2201
970.059 2220
969.797 2210
969.535 2137
969.273 2132
969.011 2111
968.749 2181
968.487 2178
968.225 2205
967.963 2160
967.701 2179
967.439 2156
967.177 2185
966.915 2201
966.653 2171
966.391 2072
966.129 2173
965.867 2183
965.605 2172
965.343 2045
965.081 2180
964.819 2105
964.557 2069
964.295 2096
964.034 2149
963.772 2114
963.51 2040
963.248 2120
962.986 2108
962.724 2043
962.462 2139
962.2 2188
961.938 2133
961.676 2149
961.414 2131
961.152 2112
960.89 2112
960.628 2093
960.366 2139
960.104 2139
959.842 2128
959.58 2088
959.318 2109
959.056 2090
958.794 2080
958.532 2145
958.27 2066
958.008 2167
957.746 2050
957.484 2187
957.222 2037
956.96 2088
956.698 2057
956.436 2096
956.174 2133
955.912 2182
955.65 2191
955.388 2093
955.126 2139
954.864 2055
954.602 2149
954.34 2054
954.078 2126
953.816 2180
953.554 2142
953.292 2030
953.03 2130
952.768 2138
952.506 2265
952.245 2127
951.983 2182
951.721 2104
951.459 2124
951.197 2116
950.935 2115
950.673 2112
950.411 2123
950.149 2081
949.887 2147
949.625 2063
949.363 2175
949.101 2139
948.839 2098
948.577 2137
948.315 2175
948.053 1968
947.791 2102
947.529 2153
947.267 2103
947.005 2157
946.743 2105
946.481 2155
946.219 2142
945.957 2134
945.695 2091
945.433 2095
945.171 2138
944.909 2137
944.647 2162
944.385 2121
944.123 2117
943.861 2234
943.599 2106
943.337 2161
943.075 2059
942.813 2131
942.551 2117
942.289 2177
942.027 2183
941.765 2196
941.503 2115
941.241 2143
940.979 2132
940.717 2132
940.456 2150
940.194 2137
939.932 2021
939.67 2111
939.408 2200
939.146 2206
938.884 2097
938.622 2220
938.36 2167
938.098 2136
937.836 2173
937.574 2151
937.312 2138
937.05 2182
936.788 2256
936.526 2127
936.264 2149
936.002 2167
935.74 2114
935.478 2183
935.216 2205
934.954 2124
934.692 2191
934.43 2169
934.168 2189
933.906 2209
933.644 2174
933.382 2174
933.12 2146
932.858 2163
932.596 2157
932.334 2160
932.072 2119
931.81 2105
931.548 2189
931.286 2176
931.024 2174
930.762 2199
930.5 2237
930.238 2096
929.976 2164
929.714 2249
929.452 2195
929.19 2119
928.928 2190
928.667 2113
928.405 2148
928.143 2100
927.881 2160
927.619 2144
927.357 2190
927.095 2181
926.833 2119
926.571 2096
926.309 2194
926.047 2148
925.785 2156
925.523 2212
925.261 2277
924.999 2094
924.737 2165
924.475 2197
924.213 2141
923.951 2277
923.689 2210
923.427 2266
923.165 2158
922.903 2220
922.641 2201
922.379 2201
922.117 2201
921.855 2180
921.593 2200
921.331 2121
921.069 2237
920.807 2206
920.545 2243
920.283 2201
920.021 2166
919.759 2217
919.497 2143
919.235 2176
918.973 2204
918.711 2259
918.449 2253
918.187 2176
917.925 2163
917.663 2149
917.401 2236
917.139 2186
916.878 2228
916.616 2177
916.354 2195
916.092 2192
915.83 2217
915.568 2238
915.306 2198
915.044 2262
914.782 2230
914.52 2191
914.258 2191
913.996 2221
913.734 2184
913.472 2205
913.21 2151
912.948 2215
912.686 2187
912.424 2263
912.162 2145
911.9 2103
911.638 2166
911.376 2205
911.114 2224
910.852 2218
910.59 2249
910.328 2149
910.066 2290
909.804 2275
909.542 2214
909.28 2302
909.018 2252
908.756 2270
908.494 2175
908.232 2236
907.97 2164
907.708 2274
907.446 2215
907.184 2154
906.922 2240
906.66 2241
906.398 2098
906.136 2176
905.874 2200
905.612 2206
905.35 2274
905.089 2291
904.827 2230
904.565 2286
904.303 2212
904.041 2278
903.779 2300
903.517 2233
903.255 2267
902.993 2223
902.731 2241
902.469 2227
902.207 2183
901.945 2185
901.683 2273
901.421 2314
901.159 2180
900.897 2215
900.635 2329
900.373 2261
900.111 2308
899.849 2218
899.587 2253
899.325 2232
899.063 2224
898.801 2244
898.539 2259
898.277 2183
898.015 2335
897.753 2238
897.491 2220
897.229 2296
896.967 2288
896.705 2364
896.443 2207
896.181 2229
895.919 2208
895.657 2362
895.395 2237
895.133 2276
894.871 2208
894.609 2266
894.347 2280
894.085 2248
893.823 2226
893.561 2262
893.3 2212
893.038 2274
892.776 2311
892.514 2314
892.252 2254
891.99 2305
891.728 2269
891.466 2229
891.204 2303
890.942 2245
890.68 2189
890.418 2215
890.156 2293
889.894 2250
889.632 2254
889.37 2261
889.108 2380
888.846 2296
888.584 2288
888.322 2180
888.06 2205
887.798 2233
887.536 2336
887.274 2362
887.012 2275
886.75 2240
886.488 2292
886.226 2351
885.964 2291
885.702 2221
885.44 2298
885.178 2245
884.916 2347
884.654 2376
884.392 2416
884.13 2321
883.868 2279
883.606 2231
883.344 2299
883.082 2306
882.82 2243
882.558 2324
882.296 2207
882.034 2399
881.772 2313
881.511 2229
881.249 2420
880.987 2330
880.725 2308
880.463 2374
880.201 2370
879.939 2270
879.677 2282
879.415 2290
879.153 2295
878.891 2249
878.629 2302
878.367 2315
878.105 2261
877.843 2325
877.581 2348
877.319 2290
877.057 2358
876.795 2207
876.533 2288
876.271 2302
876.009 2285
875.747 2380
875.485 2243
875.223 2248
874.961 2387
874.699 2329
874.437 2326
874.175 2303
873.913 2359
873.651 2352
873.389 2292
873.127 2270
872.865 2275
872.603 2337
872.341 2369
872.079 2282
871.817 2395
871.555 2341
871.293 2303
871.031 2389
870.769 2315
870.507 2249
870.245 2332
869.983 2366
869.722 2336
869.46 2317
869.198 2420
868.936 2316
868.674 2315
868.412 2267
868.15 2325
867.888 2339
867.626 2252
867.364 2440
867.102 2395
866.84 2386
866.578 2395
866.316 2413
866.054 2361
865.792 2359
865.53 2340
865.268 2339
865.006 2327
864.744 2409
864.482 2383
864.22 2369
863.958 2200
863.696 2319
863.434 2295
863.172 2345
862.91 2366
862.648 2276
862.386 2353
862.124 2427
861.862 2415
861.6 2399
861.338 2416
861.076 2397
860.814 2338
860.552 2361
860.29 2350
860.028 2355
859.766 2340
859.504 2397
859.242 2319
858.98 2370
858.718 2287
858.456 2329
858.194 2397
857.932 2403
857.671 2371
857.409 2386
857.147 2390
856.885 2405
856.623 2404
856.361 2371
856.099 2292
855.837 2414
855.575 2380
855.313 2401
855.051 2371
854.789 2386
854.527 2420
854.265 2416
854.003 2422
853.741 2452
853.479 2313
853.217 2434
852.955 2374
852.693 2433
852.431 2466
852.169 2374
851.907 2406
851.645 2358
851.383 2443
851.121 2425
850.859 2433
850.597 2413
850.335 2406
850.073 2363
849.811 2418
849.549 2449
849.287 2378
849.025 2495
848.763 2424
848.501 2392
848.239 2414
847.977 2412
847.715 2293
847.453 2387
847.191 2425
846.929 2369
846.667 2467
846.405 2440
846.143 2429
845.882 2412
845.62 2405
845.358 2566
845.096 2388
844.834 2425
844.572 2487
844.31 2434
844.048 2429
843.786 2501
843.524 2450
843.262 2477
843 2428
842.738 2450
842.476 2355
842.214 2466
841.952 2469
841.69 2394
841.428 2434
841.166 2456
840.904 2450
840.642 2384
840.38 2363
840.118 2433
839.856 2444
839.594 2420
839.332 2539
839.07 2455
838.808 2450
838.546 2366
838.284 2388
838.022 2516
837.76 2513
837.498 2551
837.236 2389
836.974 2448
836.712 2517
836.45 2428
836.188 2515
835.926 2545
835.664 2453
835.402 2399
835.14 2441
834.878 2432
834.616 2453
834.354 2500
834.093 2580
833.831 2498
833.569 2482
833.307 2454
833.045 2576
832.783 2445
832.521 2511
832.259 2438
831.997 2569
831.735 2401
831.473 2409
831.211 2411
830.949 2432
830.687 2467
830.425 2469
830.163 2488
829.901 2587
829.639 2492
829.377 2552
829.115 2535
828.853 2494
828.591 2583
828.329 2496
828.067 2456
827.805 2564
827.543 2345
827.281 2417
827.019 2544
826.757 2567
826.495 2575
826.233 2535
825.971 2550
825.709 2523
825.447 2442
825.185 2450
824.923 2527
824.661 2571
824.399 2549
824.137 2504
823.875 2468
823.613 2492
823.351 2526
823.089 2551
822.827 2487
822.565 2542
822.304 2560
822.042 2533
821.78 2527
821.518 2517
821.256 2625
820.994 2605
820.732 2503
820.47 2377
820.208 2526
819.946 2512
819.684 2530
819.422 2543
819.16 2452
818.898 2523
818.636 2495
818.374 2539
818.112 2494
817.85 2577
817.588 2504
817.326 2485
817.064 2519
816.802 2505
816.54 2618
816.278 2592
816.016 2492
815.754 2548
815.492 2430
815.23 2512
814.968 2524
814.706 2517
814.444 2523
814.182 2571
813.92 2497
813.658 2569
813.396 2574
813.134 2509
812.872 2570
812.61 2538
812.348 2551
812.086 2546
811.824 2466
811.562 2627
811.3 2612
811.038 2513
810.776 2589
810.515 2519
810.253 2576
809.991 2526
809.729 2561
809.467 2578
809.205 2586
808.943 2597
808.681 2503
808.419 2559
808.157 2531
807.895 2563
807.633 2553
807.371 2656
807.109 2674
806.847 2534
806.585 2592
806.323 2611
806.061 2649
805.799 2551
805.537 2610
805.275 2557
805.013 2650
804.751 2623
804.489 2621
804.227 2546
803.965 2644
803.703 2552
803.441 2612
803.179 2577
802.917 2560
802.655 2614
802.393 2571
802.131 2536
801.869 2678
801.607 2579
801.345 2591
801.083 2615
800.821 2651
800.559 2552
800.297 2620
800.035 2668
799.773 2632
799.511 2664
799.249 2646
798.987 2693
798.726 2647
798.464 2631
798.202 2586
797.94 2710
797.678 2673
797.416 2697
797.154 2588
796.892 2622
796.63 2615
796.368 2589
796.106 2622
795.844 2635
795.582 2701
795.32 2733
795.058 2612
794.796 2624
794.534 2562
794.272 2607
794.01 2643
793.748 2672
793.486 2625
793.224 2645
792.962 2591
792.7 2552
792.438 2699
792.176 2668
791.914 2611
791.652 2553
791.39 2613
791.128 2643
790.866 2680
790.604 2625
790.342 2649
790.08 2602
789.818 2661
789.556 2572
789.294 2712
789.032 2637
788.77 2640
788.508 2646
788.246 2595
787.984 2652
787.722 2705
787.46 2693
787.198 2682
786.937 2613
786.675 2660
786.413 2646
786.151 2642
785.889 2716
785.627 2702
785.365 2708
785.103 2599
784.841 2605
784.579 2644
784.317 2664
784.055 2563
783.793 2630
783.531 2616
783.269 2641
783.007 2667
782.745 2755
782.483 2610
782.221 2718
781.959 2583
781.697 2652
781.435 2706
781.173 2694
780.911 2660
780.649 2637
780.387 2685
780.125 2732
779.863 2711
779.601 2728
779.339 2783
779.077 2665
778.815 2708
778.553 2756
778.291 2682
778.029 2671
777.767 2669
777.505 2748
777.243 2739
776.981 2678
776.719 2597
776.457 2636
776.195 2683
775.933 2750
775.671 2746
775.409 2746
775.148 2656
774.886 2581
774.624 2773
774.362 2732
774.1 2711
773.838 2621
773.576 2715
773.314 2723
773.052 2764
772.79 2697
772.528 2690
772.266 2683
772.004 2804
771.742 2706
771.48 2754
771.218 2752
770.956 2754
770.694 2800
770.432 2699
770.17 2710
769.908 2809
769.646 2686
769.384 2665
769.122 2750
768.86 2687
768.598 2744
768.336 2696
768.074 2796
767.812 2765
767.55 2720
767.288 2797
767.026 2691
766.764 2708
766.502 2757
766.24 2752
765.978 2770
765.716 2733
765.454 2791
765.192 2785
764.93 2861
764.668 2735
764.406 2750
764.144 2785
763.882 2733
763.62 2848
763.359 2794
763.097 2778
762.835 2798
762.573 2755
762.311 2717
762.049 2739
761.787 2758
761.525 2771
761.263 2723
761.001 2858
760.739 2804
760.477 2792
760.215 2779
759.953 2781
759.691 2778
759.429 2830
759.167 2789
758.905 2780
758.643 2862
758.381 2765
758.119 2722
757.857 2790
757.595 2720
757.333 2778
757.071 2805
756.809 2766
756.547 2786
756.285 2760
756.023 2757
755.761 2811
755.499 2892
755.237 2768
754.975 2759
754.713 2798
754.451 2793
754.189 2823
753.927 2878
753.665 2761
753.403 2757
753.141 2887
752.879 2754
752.617 2808
752.355 2802
752.093 2779
751.831 2927
751.57 2748
751.308 2767
751.046 2817
750.784 2835
750.522 2871
750.26 2837
749.998 2812
749.736 2773
749.474 2749
749.212 2820
748.95 2823
748.688 2978
748.426 2829
748.164 2857
747.902 2942
747.64 2866
747.378 2740
747.116 2838
746.854 2778
746.592 2784
746.33 2830
746.068 2870
745.806 2795
745.544 2894
745.282 2903
745.02 2986
744.758 2908
744.496 2912
744.234 2888
743.972 2886
743.71 2873
743.448 2970
743.186 2865
742.924 2929
742.662 2832
742.4 2998
742.138 2732
741.876 2808
741.614 2748
741.352 2891
741.09 2846
740.828 2898
740.566 2933
740.304 2942
740.042 2866
739.781 2876
739.519 2918
739.257 2951
738.995 2813
738.733 2829
738.471 2964
738.209 2854
737.947 2881
737.685 2849
737.423 2929
737.161 2879
736.899 2923
736.637 2796
736.375 2859
736.113 2898
735.851 2829
735.589 2832
735.327 2955
735.065 2851
734.803 2833
734.541 2956
734.279 2934
734.017 2894
733.755 2900
733.493 2959
733.231 2809
732.969 2842
732.707 2850
732.445 2870
732.183 2892
731.921 2902
731.659 2880
731.397 2854
731.135 2958
730.873 2857
730.611 2866
730.349 2909
730.087 2899
729.825 2839
729.563 2885
729.301 2968
729.039 2955
728.777 2933
728.515 2907
728.253 2956
727.992 2915
727.73 2865
727.468 2935
727.206 2896
726.944 2907
726.682 2838
726.42 2952
726.158 2842
725.896 3014
725.634 2919
725.372 2960
725.11 3009
724.848 2969
724.586 2942
724.324 3006
724.062 3050
723.8 3010
723.538 2970
723.276 2995
723.014 2956
722.752 3102
722.49 3048
722.228 2976
721.966 3079
721.704 2968
721.442 2987
721.18 3088
720.918 3106
720.656 3087
720.394 3070
720.132 3064
719.87 3067
719.608 3063
719.346 3085
719.084 3138
718.822 3060
718.56 2953
718.298 2927
718.036 3054
717.774 2991
717.512 3084
717.25 3107
716.988 3057
716.726 3033
716.464 3081
716.203 3066
715.941 2970
715.679 3039
715.417 3069
715.155 3034
714.893 3011
714.631 2984
714.369 3013
714.107 3111
713.845 2976
713.583 3038
713.321 2974
713.059 2885
712.797 2975
712.535 2891
712.273 2982
712.011 3011
711.749 2971
711.487 2975
711.225 2878
710.963 2840
710.701 3007
710.439 2982
710.177 2931
709.915 3002
709.653 2801
709.391 2909
709.129 2873
708.867 2845
708.605 2868
708.343 3000
708.081 2937
707.819 2888
707.557 2896
707.295 2886
707.033 2817
706.771 3059
706.509 2889
706.247 2799
705.985 2815
705.723 2948
705.461 2843
705.199 2890
704.937 2804
704.675 2888
704.414 2872
704.152 3007
703.89 2829
703.628 2919
703.366 2854
703.104 2930
702.842 2801
702.58 2857
702.318 2888
702.056 2922
701.794 2849
701.532 2901
701.27 2832
701.008 2898
700.746 2903
700.484 2964
700.222 3002
699.96 2994
699.698 2945
699.436 2854
699.174 3080
698.912 2896
698.65 2909
698.388 2872
698.126 2998
697.864 2956
697.602 2818
697.34 2853
697.078 2779
696.816 2892
696.554 2926
696.292 2851
696.03 2883
695.768 2999
695.506 2899
695.244 2855
694.982 2864
694.72 2830
694.458 2934
694.196 2876
693.934 2848
693.672 2972
693.41 2944
693.148 2930
692.886 2912
692.624 2928
692.363 2939
692.101 2951
691.839 2899
691.577 2965
691.315 2905
691.053 2911
690.791 2898
690.529 2884
690.267 2880
690.005 2893
689.743 2913
689.481 2860
689.219 3015
688.957 2900
688.695 2877
688.433 2843
688.171 3003
687.909 2834
687.647 2920
687.385 2858
687.123 2902
686.861 2792
686.599 2967
686.337 2912
686.075 2880
685.813 2960
685.551 3019
685.289 3050
685.027 2904
684.765 3037
684.503 3042
684.241 2979
683.979 2928
683.717 3146
683.455 2976
683.193 2957
682.931 2920
682.669 3081
682.407 2968
682.145 3056
681.883 3032
681.621 3085
681.359 3096
681.097 3136
680.835 3125
680.574 3050
680.312 3067
680.05 3031
679.788 3104
679.526 3123
679.264 3044
679.002 3007
678.74 3086
678.478 3138
678.216 2989
677.954 2951
677.692 2960
677.43 2936
677.168 3006
676.906 3060
676.644 3009
676.382 2925
676.12 2945
675.858 2992
675.596 2987
675.334 2869
675.072 2968
674.81 2935
674.548 2913
674.286 2815
674.024 2878
673.762 2841
673.5 3047
673.238 2945
672.976 2963
672.714 2892
672.452 2878
672.19 2927
671.928 2897
671.666 2952
671.404 2838
671.142 2877
670.88 3041
670.618 2991
670.356 3058
670.094 3060
669.832 2844
669.57 2881
669.308 2937
669.046 2935
668.785 2972
668.523 2940
668.261 2964
667.999 2962
667.737 3012
667.475 2967
667.213 3092
666.951 2893
666.689 2972
666.427 2947
666.165 2979
665.903 3017
665.641 3013
665.379 2941
665.117 2954
664.855 3002
664.593 3059
664.331 2919
664.069 2940
663.807 2921
663.545 2984
663.283 2873
663.021 2960
662.759 2910
662.497 2965
662.235 2967
661.973 2891
661.711 2918
661.449 2985
661.187 2934
660.925 2965
660.663 3019
660.401 2978
660.139 3063
659.877 3059
659.615 3085
659.353 3043
659.091 3009
658.829 2998
658.567 3038
658.305 3083
658.043 2986
657.781 3047
657.519 2921
657.257 3050
656.996 3036
656.734 3062
656.472 3000
656.21 2986
655.948 3051
655.686 3006
655.424 2965
655.162 3003
654.9 2966
654.638 2965
654.376 3114
654.114 2982
653.852 2997
653.59 3055
653.328 3078
653.066 2975
652.804 3070
652.542 3031
652.28 3063
652.018 3036
651.756 2973
651.494 2933
651.232 3047
650.97 2979
650.708 3005
650.446 3049
650.184 2966
649.922 3148
649.66 3035
649.398 3007
649.136 2986
648.874 2994
648.612 3147
648.35 3064
648.088 3069
647.826 3063
647.564 3033
647.302 3032
647.04 3138
646.778 2998
646.516 3016
646.254 3048
645.992 3035
645.73 3052
645.468 2990
645.207 3051
644.945 3096
644.683 3049
644.421 3002
644.159 3063
643.897 3096
643.635 3149
643.373 2973
643.111 3039
642.849 3136
642.587 3055
642.325 3223
642.063 3080
641.801 3019
641.539 3038
641.277 3069
641.015 3123
640.753 3068
640.491 3025
640.229 3175
639.967 3079
639.705 3254
639.443 3137
639.181 3136
638.919 3076
638.657 3129
638.395 3150
638.133 3021
637.871 3056
637.609 3121
637.347 3140
637.085 3132
636.823 3123
636.561 3170
636.299 3111
636.037 3149
635.775 3055
635.513 3129
635.251 3152
634.989 3221
634.727 3156
634.465 3078
634.203 3162
633.941 3202
633.679 3130
633.418 3166
633.156 3055
632.894 3184
632.632 3103
632.37 3144
632.108 3118
631.846 3205
631.584 3247
631.322 3202
631.06 3150
630.798 3258
630.536 3136
630.274 3177
630.012 3186
629.75 3167
629.488 3176
629.226 3183
628.964 3116
628.702 3150
628.44 3179
628.178 3237
627.916 3081
627.654 3123
627.392 3124
627.13 3231
626.868 3078
626.606 3182
626.344 3115
626.082 3167
625.82 3158
625.558 3214
625.296 3204
625.034 3232
624.772 3208
624.51 3239
624.248 3133
623.986 3242
623.724 3249
623.462 3221
623.2 3119
622.938 3208
622.676 3193
622.414 3236
622.152 3275
621.89 3175
621.629 3205
621.367 3191
621.105 3070
620.843 3184
620.581 3115
620.319 3187
620.057 3183
619.795 3259
619.533 3125
619.271 3164
619.009 3279
618.747 3285
618.485 3144
618.223 3118
617.961 3134
617.699 3129
617.437 3189
617.175 3197
616.913 3085
616.651 3184
616.389 3058
616.127 3168
615.865 3081
615.603 3162
615.341 3190
615.079 3155
614.817 3132
614.555 3200
614.293 3182
614.031 3141
613.769 3095
613.507 3263
613.245 3136
612.983 3044
612.721 3186
612.459 3194
612.197 3265
611.935 3121
611.673 3289
611.411 3205
611.149 3211
610.887 3210
610.625 3241
610.363 3178
610.101 3262
609.84 3249
609.578 3215
609.316 3268
609.054 3227
608.792 3207
608.53 3326
608.268 3417
608.006 3415
607.744 3433
607.482 3306
607.22 3320
606.958 3480
606.696 3597
606.434 3541
606.172 3652
605.91 3745
605.648 3753
605.386 3735
605.124 3862
604.862 3960
604.6 4075
604.338 4058
604.076 4147
603.814 4158
603.552 4075
603.29 3967
603.028 3943
602.766 3812
602.504 3673
602.242 3701
601.98 3570
601.718 3543
601.456 3496
601.194 3445
600.932 3249
600.67 3259
600.408 3269
600.146 3245
599.884 3167
599.622 3148
599.36 3146
599.098 3316
598.836 3100
598.574 3147
598.312 3173
598.051 3126
597.789 3069
597.527 3202
597.265 3128
597.003 3084
596.741 3139
596.479 3062
596.217 3147
595.955 3099
595.693 3116
595.431 3042
595.169 3217
594.907 3120
594.645 3188
594.383 3055
594.121 3063
593.859 3092
593.597 3052
593.335 3082
593.073 3108
592.811 3053
592.549 3066
592.287 3026
592.025 2904
591.763 3123
591.501 3088
591.239 3070
590.977 2964
590.715 3115
590.453 2995
590.191 3102
589.929 3028
589.667 3117
589.405 3020
589.143 3029
588.881 2956
588.619 3011
588.357 2887
588.095 3000
587.833 2943
587.571 2960
587.309 2877
587.047 2970
586.785 2953
586.523 2870
586.262 2977
586 2984
585.738 2909
585.476 2903
585.214 2892
584.952 2910
584.69 2935
584.428 2934
584.166 2904
583.904 2874
583.642 2940
583.38 2954
583.118 2931
582.856 2920
582.594 2920
582.332 2802
582.07 2844
581.808 2899
581.546 2985
581.284 2837
581.022 2916
580.76 2959
580.498 2921
580.236 2970
579.974 2886
579.712 2959
579.45 3011
579.188 2994
578.926 2977
578.664 3027
578.402 3086
578.14 3054
577.878 3201
577.616 3139
577.354 3182
577.092 3147
576.83 3274
576.568 3273
576.306 3359
576.044 3442
575.782 3544
575.52 3679
575.258 3941
574.996 3890
574.734 3947
574.473 4222
574.211 4348
573.949 4530
573.687 4498
573.425 4561
573.163 4625
572.901 4653
572.639 4481
572.377 4402
572.115 4232
571.853 3944
571.591 3943
571.329 3591
571.067 3504
570.805 3347
570.543 3247
570.281 3225
570.019 2917
569.757 3004
569.495 2865
569.233 2905
568.971 2792
568.709 2756
568.447 2717
568.185 2742
567.923 2638
567.661 2689
567.399 2772
567.137 2600
566.875 2716
566.613 2560
566.351 2568
566.089 2607
565.827 2685
565.565 2597
565.303 2632
565.041 2566
564.779 2573
564.517 2620
564.255 2511
563.993 2547
563.731 2488
563.469 2616
563.207 2549
562.945 2475
562.684 2595
562.422 2631
562.16 2548
561.898 2524
561.636 2570
561.374 2618
561.112 2618
560.85 2636
560.588 2533
560.326 2586
560.064 2688
559.802 2592
559.54 2497
559.278 2502
559.016 2586
558.754 2551
558.492 2536
558.23 2597
557.968 2606
557.706 2620
557.444 2477
557.182 2447
556.92 2561
556.658 2537
556.396 2566
556.134 2570
555.872 2620
555.61 2570
555.348 2539
555.086 2560
554.824 2593
554.562 2625
554.3 2680
554.038 2644
553.776 2542
553.514 2559
553.252 2592
552.99 2556
552.728 2517
552.466 2548
552.204 2542
551.942 2591
551.68 2536
551.418 2560
551.156 2586
550.895 2608
550.633 2648
550.371 2620
550.109 2535
549.847 2546
549.585 2608
549.323 2462
549.061 2561
548.799 2546
548.537 2552
548.275 2556
548.013 2496
547.751 2557
547.489 2634
547.227 2628
546.965 2567
546.703 2552
546.441 2521
546.179 2553
545.917 2524
545.655 2535
545.393 2596
545.131 2502
544.869 2524
544.607 2579
544.345 2581
544.083 2510
543.821 2374
543.559 2504
543.297 2490
543.035 2551
542.773 2484
542.511 2522
542.249 2594
541.987 2486
541.725 2472
541.463 2492
541.201 2551
540.939 2525
540.677 2636
540.415 2525
540.153 2569
539.891 2494
539.629 2557
539.367 2626
539.105 2594
538.844 2554
538.582 2555
538.32 2692
538.058 2674
537.796 2676
537.534 2741
537.272 2631
537.01 2712
536.748 2660
536.486 2677
536.224 2664
535.962 2697
535.7 2634
535.438 2796
535.176 2642
534.914 2733
534.652 2643
534.39 2653
534.128 2767
533.866 2805
533.604 2806
533.342 2966
533.08 3002
532.818 3035
532.556 3106
532.294 3043
532.032 3078
531.77 3042
531.508 3109
531.246 3126
530.984 3068
530.722 3064
530.46 3036
530.198 2996
529.936 2978
529.674 2793
529.412 2797
529.15 2806
528.888 2756
528.626 2601
528.364 2532
528.102 2509
527.84 2569
527.578 2605
527.316 2554
527.055 2538
526.793 2626
526.531 2597
526.269 2542
526.007 2464
525.745 2443
525.483 2486
525.221 2574
524.959 2512
524.697 2528
524.435 2557
524.173 2476
523.911 2491
523.649 2474
523.387 2554
523.125 2550
522.863 2533
522.601 2615
522.339 2605
522.077 2598
521.815 2513
521.553 2527
521.291 2475
521.029 2557
520.767 2622
520.505 2540
520.243 2522
519.981 2635
519.719 2630
519.457 2577
519.195 2555
518.933 2567
518.671 2588
518.409 2521
518.147 2599
517.885 2546
517.623 2518
517.361 2590
517.099 2546
516.837 2521
516.575 2454
516.313 2557
516.051 2534
515.789 2589
515.527 2596
515.266 2614
515.004 2578
514.742 2617
514.48 2453
514.218 2676
513.956 2625
513.694 2529
513.432 2523
513.17 2634
512.908 2618
512.646 2583
512.384 2525
512.122 2546
511.86 2579
511.598 2482
511.336 2545
511.074 2534
510.812 2637
510.55 2459
510.288 2669
510.026 2524
509.764 2480
509.502 2659
509.24 2540
508.978 2635
508.716 2535
508.454 2572
508.192 2667
507.93 2606
507.668 2654
507.406 2575
507.144 2498
506.882 2639
506.62 2581
506.358 2635
506.096 2595
505.834 2589
505.572 2592
505.31 2611
505.048 2652
504.786 2574
504.524 2608
504.262 2506
504 2648
503.738 2685
503.477 2566
503.215 2572
502.953 2628
502.691 2674
502.429 2643
502.167 2562
501.905 2552
501.643 2678
501.381 2540
501.119 2606
500.857 2543
500.595 2697
500.333 2597
500.071 2595
499.809 2667
499.547 2599
499.285 2539
499.023 2658
498.761 2566
498.499 2587
498.237 2577
497.975 2626
497.713 2678
497.451 2544
497.189 2683
496.927 2586
496.665 2663
496.403 2680
496.141 2628
495.879 2625
495.617 2691
495.355 2678
495.093 2637
494.831 2641
494.569 2766
494.307 2701
494.045 2576
493.783 2663
493.521 2641
493.259 2599
492.997 2679
492.735 2711
492.473 2655
492.211 2614
491.949 2701
491.688 2657
491.426 2651
491.164 2605
490.902 2698
490.64 2686
490.378 2706
490.116 2628
489.854 2728
489.592 2711
489.33 2738
489.068 2741
488.806 2683
488.544 2684
488.282 2710
488.02 2665
487.758 2680
487.496 2685
487.234 2741
486.972 2589
486.71 2693
486.448 2711
486.186 2665
485.924 2701
485.662 2716
485.4 2661
485.138 2677
484.876 2696
484.614 2748
484.352 2667
484.09 2637
483.828 2709
483.566 2657
483.304 2621
483.042 2704
482.78 2680
482.518 2804
482.256 2702
481.994 2763
481.732 2631
481.47 2663
481.208 2657
480.946 2688
480.684 2667
480.422 2653
480.16 2728
479.899 2695
479.637 2670
479.375 2716
479.113 2682
478.851 2759
478.589 2780
478.327 2672
478.065 2642
477.803 2765
477.541 2651
477.279 2660
477.017 2750
476.755 2740
476.493 2750
476.231 2659
475.969 2698
475.707 2848
475.445 2769
475.183 2683
474.921 2660
474.659 2637
474.397 2790
474.135 2706
473.873 2725
473.611 2657
473.349 2717
473.087 2740
472.825 2732
472.563 2745
472.301 2842
472.039 2730
471.777 2848
471.515 2882
471.253 2714
470.991 2776
470.729 2680
470.467 2738
470.205 2775
469.943 2856
469.681 2841
469.419 2792
469.157 2872
468.895 2841
468.633 2889
468.371 2811
468.11 2880
467.848 2968
467.586 2960
467.324 2985
467.062 2897
466.8 2991
466.538 3166
466.276 3022
466.014 3058
465.752 3031
465.49 3061
465.228 3131
464.966 2867
464.704 2982
464.442 3033
464.18 3078
463.918 2933
463.656 2987
463.394 2914
463.132 2950
462.87 2850
462.608 2894
462.346 2788
462.084 2862
461.822 2890
461.56 2704
461.298 2817
461.036 2877
460.774 2810
460.512 2792
460.25 2787
459.988 2683
459.726 2688
459.464 2692
459.202 2725
458.94 2645
458.678 2693
458.416 2819
458.154 2711
457.892 2762
457.63 2715
457.368 2701
457.106 2748
456.844 2747
456.582 2664
456.321 2627
456.059 2679
455.797 2691
455.535 2748
455.273 2632
455.011 2665
454.749 2736
454.487 2704
454.225 2729
453.963 2671
453.701 2741
453.439 2681
453.177 2775
452.915 2704
452.653 2651
452.391 2724
452.129 2673
451.867 2709
451.605 2741
451.343 2561
451.081 2723
450.819 2636
450.557 2599
450.295 2616
450.033 2693
449.771 2707
449.509 2725
449.247 2785
448.985 2723
448.723 2680
448.461 2637
448.199 2701
447.937 2702
447.675 2780
447.413 2644
447.151 2686
446.889 2897
446.627 2715
446.365 2742
446.103 2784
445.841 2772
445.579 2916
445.317 2837
445.055 2810
444.793 2911
444.532 2823
444.27 2950
444.008 2992
443.746 3051
443.484 3053
443.222 3079
442.96 3048
442.698 3103
442.436 3135
442.174 3194
441.912 3189
441.65 3117
441.388 3197
441.126 3227
440.864 2964
440.602 3015
440.34 2976
440.078 3024
439.816 2959
439.554 2754
439.292 2781
439.03 2716
438.768 2853
438.506 2769
438.244 2804
437.982 2726
437.72 2646
437.458 2772
437.196 2672
436.934 2589
436.672 2594
436.41 2680
436.148 2650
435.886 2709
435.624 2701
435.362 2598
435.1 2616
434.838 2638
434.576 2591
434.314 2592
434.052 2553
433.79 2619
433.528 2604
433.266 2635
433.004 2585
432.743 2602
432.481 2498
432.219 2563
431.957 2524
431.695 2683
431.433 2613
431.171 2583
430.909 2617
430.647 2610
430.385 2562
430.123 2641
429.861 2591
429.599 2631
429.337 2558
429.075 2600
428.813 2559
428.551 2597
428.289 2648
428.027 2583
427.765 2616
427.503 2641
427.241 2680
426.979 2661
426.717 2700
426.455 2545
426.193 2578
425.931 2623
425.669 2476
425.407 2608
425.145 2583
424.883 2649
424.621 2644
424.359 2601
424.097 2642
423.835 2678
423.573 2645
423.311 2659
423.049 2586
422.787 2622
422.525 2603
422.263 2664
422.001 2629
421.739 2606
421.477 2701
421.215 2617
420.954 2705
420.692 2619
420.43 2644
420.168 2647
419.906 2664
419.644 2710
419.382 2641
419.12 2649
418.858 2552
418.596 2678
418.334 2648
418.072 2548
417.81 2605
417.548 2642
417.286 2568
417.024 2671
416.762 2564
416.5 2696
416.238 2666
415.976 2616
415.714 2653
415.452 2675
415.19 2625
414.928 2630
414.666 2611
414.404 2658
414.142 2702
413.88 2696
413.618 2712
413.356 2708
413.094 2629
412.832 2724
412.57 2614
412.308 2667
412.046 2651
411.784 2576
411.522 2596
411.26 2716
410.998 2600
410.736 2613
410.474 2752
410.212 2658
409.95 2763
409.688 2705
409.426 2669
409.165 2659
408.903 2736
408.641 2753
408.379 2730
408.117 2756
407.855 2786
407.593 2765
407.331 2665
407.069 2721
406.807 2769
406.545 2735
406.283 2717
406.021 2759
405.759 2716
405.497 2844
405.235 2760
404.973 2640
404.711 2767
404.449 2792
404.187 2736
403.925 2763
403.663 2780
403.401 2855
403.139 2767
402.877 2847
402.615 2777
402.353 2845
402.091 2850
401.829 2783
401.567 2842
401.305 2760
401.043 2817
400.781 2830
400.519 2843
400.257 2904
399.995 2759
399.733 2767
399.471 2827
399.209 2843
398.947 2920
398.685 2887
398.423 2982
398.161 2931
397.899 2962
397.637 2929
397.376 2804
397.114 2884
396.852 2889
396.59 2987
396.328 2902
396.066 2849
395.804 2913
395.542 2829
395.28 2875
395.018 2920
394.756 2937
394.494 2916
394.232 2982
393.97 2991
393.708 2946
393.446 2913
393.184 2924
392.922 2907
392.66 2993
392.398 2840
392.136 2920
391.874 2946
391.612 2873
391.35 3007
391.088 2861
390.826 2874
390.564 2909
390.302 2924
390.04 2764
389.778 2843
389.516 2770
389.254 2788
388.992 2779
388.73 2841
388.468 2735
388.206 2692
387.944 2744
387.682 2758
387.42 2811
387.158 2714
386.896 2693
386.634 2570
386.372 2652
386.11 2655
385.848 2449
385.586 2541
385.325 2655
385.063 2561
384.801 2509
384.539 2499
384.277 2515
384.015 2424
383.753 2460
383.491 2459
383.229 2362
382.967 2498
382.705 2467
382.443 2435
382.181 2358
381.919 2370
381.657 2394
381.395 2320
381.133 2241
380.871 2326
380.609 2355
380.347 2319
380.085 2261
379.823 2293
379.561 2273
379.299 2338
379.037 2269
378.775 2372
378.513 2385
378.251 2357
377.989 2456
377.727 2496
377.465 2563
377.203 2574
376.941 2717
376.679 2857
376.417 3046
376.155 3437
375.893 3716
375.631 4158
375.369 4374
375.107 5173
374.845 5947
374.583 6946
374.321 7468
374.059 7514
373.797 6756
373.536 5514
373.274 4273
373.012 3412
372.75 2830
372.488 2555
372.226 2383
371.964 2368
371.702 2341
371.44 2325
371.178 2421
370.916 2516
370.654 2722
370.392 3010
370.13 3300
369.868 3849
369.606 4473
369.344 5209
369.082 6139
368.82 7342
368.558 8756
368.296 9561
368.034 9288
367.772 8208
367.51 6318
367.248 4525
366.986 3272
366.724 2302
366.462 1849
366.2 1619
365.938 1451
365.676 1375
365.414 1248
365.152 1178
364.89 1180
364.628 1148
364.366 1075
364.104 1063
363.842 1078
363.58 1080
363.318 1008
363.056 1001
362.794 1012
362.532 1002
362.27 999
362.008 1024
361.747 1037
361.485 1012
361.223 983
360.961 978
360.699 1015
360.437 1004
360.175 1067
359.913 987
359.651 969
359.389 947
359.127 961
358.865 1026
358.603 969
358.341 985
358.079 951
357.817 1025
357.555 1011
357.293 1016
357.031 976
356.769 1047
356.507 1007
356.245 980
355.983 965
355.721 981
355.459 965
355.197 1005
354.935 969
354.673 997
354.411 1007
354.149 974
353.887 1019
353.625 1009
353.363 1004
353.101 1003
352.839 1030
352.577 996
352.315 980
352.053 957
351.791 1027
351.529 985
351.267 996
351.005 965
350.743 950
350.481 983
350.219 997
349.958 957
349.696 1034
349.434 961
349.172 1013
348.91 999
348.648 986
348.386 1026
348.124 969
347.862 1011
347.6 991
347.338 985
347.076 1006
346.814 992
346.552 978
346.29 971
346.028 960
345.766 931
345.504 990
345.242 1005
344.98 982
344.718 979
344.456 986
344.194 1026
343.932 980
343.67 992
343.408 1027
343.146 942
342.884 1042
342.622 1011
342.36 971
342.098 1003
341.836 962
341.574 1006
341.312 956
341.05 1050
340.788 966
340.526 1021
340.264 963
340.002 1048
339.74 966
339.478 1033
339.216 951
338.954 1011
338.692 976
338.43 988
338.169 930
337.907 1008
337.645 1038
337.383 1008
337.121 964
336.859 1030
336.597 1004
336.335 1009
336.073 997
335.811 1046
335.549 972
335.287 1000
335.025 1007
334.763 1024
334.501 1023
334.239 986
333.977 1080
333.715 1056
333.453 1097
333.191 1061
332.929 1025
332.667 1012
332.405 1049
332.143 1075
331.881 1021
331.619 1056
331.357 1048
331.095 1018
330.833 1070
330.571 1031
330.309 1014
330.047 1034
329.785 1015
329.523 1041
329.261 956
328.999 960
328.737 988
328.475 1010
328.213 1011
327.951 974
327.689 1019
327.427 1028
327.165 1033
326.903 1011
326.641 1021
326.38 967
326.118 997
325.856 876
325.594 991
325.332 1050
325.07 959
324.808 975
324.546 968
324.284 1022
324.022 989
323.76 954
323.498 1045
323.236 1004
322.974 962
322.712 927
322.45 950
322.188 972
321.926 1000
321.664 1046
321.402 966
321.14 1022
320.878 973
320.616 973
320.354 962
320.092 1020
319.83 933
319.568 997
319.306 985
319.044 1010
318.782 968
318.52 992
318.258 1065
317.996 1061
317.734 979
317.472 1065
317.21 1032
316.948 1054
316.686 1045
316.424 1070
316.162 1070
315.9 1038
315.638 1067
315.376 1055
315.114 1097
314.852 1073
314.591 1134
314.329 1103
314.067 1089
313.805 1025
313.543 1042
313.281 1079
313.019 1062
312.757 997
312.495 984
312.233 1042
311.971 1039
311.709 1021
311.447 1005
311.185 974
310.923 952
310.661 1025
310.399 953
310.137 944
309.875 930
309.613 972
309.351 947
309.089 1021
308.827 991
308.565 1006
308.303 978
308.041 981
307.779 963
307.517 1014
307.255 968
306.993 989
306.731 905
306.469 988
306.207 975
305.945 954
305.683 982
305.421 955
305.159 956
304.897 923
304.635 962
304.373 978
304.111 955
303.849 949
303.587 925
303.325 980
303.063 986
302.802 997
302.54 965
302.278 937
302.016 933
301.754 1004
301.492 960
301.23 919
300.968 929
300.706 990
300.444 959
300.182 985
299.92 932
299.658 962
299.396 992
299.134 909
298.872 940
298.61 937
298.348 1004
298.086 966
297.824 974
297.562 1002
297.3 960
297.038 927
296.776 968
296.514 960
296.252 920
295.99 910
295.728 883
295.466 973
295.204 886
294.942 909
294.68 958
294.418 939
294.156 889
293.894 958
293.632 964
293.37 893
293.108 993
292.846 991
292.584 932
292.322 941
292.06 984
291.798 951
291.536 1016
291.274 997
291.013 992
290.751 982
290.489 1007
290.227 1022
289.965 1009
289.703 992
289.441 1006
289.179 1030
288.917 1084
288.655 1044
288.393 1089
288.131 1043
287.869 1029
287.607 1146
287.345 1199
287.083 1192
286.821 1243
286.559 1339
286.297 1472
286.035 1456
285.773 1577
285.511 1720
285.249 1803
284.987 1801
284.725 1825
284.463 1853
284.201 1664
283.939 1462
283.677 1350
283.415 1191
283.153 1092
282.891 1003
282.629 996
282.367 936
282.105 1004
281.843 971
281.581 908
281.319 962
281.057 968
280.795 897
280.533 951
280.271 871
280.009 891
279.747 889
279.485 849
279.224 935
278.962 964
278.7 858
278.438 925
278.176 958
277.914 930
277.652 861
277.39 899
277.128 864
276.866 949
276.604 938
276.342 924
276.08 900
275.818 917
275.556 921
275.294 935
275.032 908
274.77 924
274.508 943
274.246 918
273.984 904
273.722 874
273.46 957
273.198 917
272.936 969
272.674 933
272.412 919
272.15 949
271.888 908
271.626 967
271.364 928
271.102 912
270.84 945
270.578 961
270.316 955
270.054 964
269.792 860
269.53 996
269.268 914
269.006 932
268.744 969
268.482 957
268.22 967
267.958 915
267.696 925
267.435 936
267.173 941
266.911 950
266.649 939
266.387 894
266.125 894
265.863 897
265.601 960
265.339 939
265.077 914
264.815 914
264.553 927
264.291 936
264.029 924
263.767 946
263.505 927
263.243 866
262.981 944
262.719 903
262.457 981
262.195 981
261.933 929
261.671 928
261.409 933
261.147 946
260.885 886
260.623 972
260.361 951
260.099 962
259.837 990
259.575 1001
259.313 1002
259.051 956
258.789 929
258.527 974
258.265 959
258.003 951
257.741 963
257.479 946
257.217 952
256.955 914
256.693 980
256.431 927
256.169 892
255.907 1004
255.646 966
255.384 957
255.122 969
254.86 1019
254.598 957
254.336 994
254.074 900
253.812 948
253.55 940
253.288 978
253.026 963
252.764 940
252.502 928
252.24 952
251.978 928
251.716 983
251.454 937
251.192 973
250.93 961
250.668 971
250.406 938
250.144 946
249.882 986
249.62 959
249.358 963
249.096 949
248.834 915
248.572 968
248.31 914
248.048 950
247.786 992
247.524 967
247.262 970
247 968
246.738 967
246.476 930
246.214 972
245.952 965
245.69 950
245.428 938
245.166 1022
244.904 997
244.642 909
244.38 964
244.118 998
243.857 951
243.595 1004
243.333 985
243.071 1015
242.809 996
242.547 1000
242.285 956
242.023 948
241.761 1009
241.499 970
241.237 992
240.975 989
240.713 987
240.451 999
240.189 982
239.927 927
239.665 972
239.403 1009
239.141 986
238.879 962
238.617 933
238.355 970
238.093 957
237.831 973
237.569 986
237.307 994
237.045 960
236.783 992
236.521 969
236.259 1070
235.997 997
235.735 970
235.473 943
235.211 990
234.949 949
234.687 987
234.425 1002
234.163 944
233.901 1050
233.639 1021
233.377 1014
233.115 968
232.853 991
232.591 1029
232.329 929
232.068 1014
231.806 1023
231.544 978
231.282 984
231.02 999
230.758 991
230.496 1019
230.234 1035
229.972 998
229.71 991
229.448 1030
229.186 1038
228.924 1013
228.662 1014
228.4 963
228.138 1044
227.876 1029
227.614 1045
227.352 1074
227.09 1003
226.828 1013
226.566 1066
226.304 1007
226.042 1015
225.78 1027
225.518 1033
225.256 1023
224.994 979
224.732 996
224.47 958
224.208 940
223.946 1014
223.684 987
223.422 1032
223.16 963
222.898 1110
222.636 1078
222.374 939
222.112 970
221.85 1021
221.588 1064
221.326 1030
221.064 1043
220.802 1044
220.54 1053
220.278 927
220.017 990
219.755 1000
219.493 1000
219.231 1057
218.969 1045
218.707 1062
218.445 1034
218.183 982
217.921 972
217.659 968
217.397 1027
217.135 1027
216.873 1003
216.611 998
216.349 1014
216.087 970
215.825 1015
215.563 1068
215.301 1051
215.039 991
214.777 1047
214.515 1055
214.253 970
213.991 1060
213.729 1011
213.467 1051
213.205 1016
212.943 1010
212.681 1004
212.419 1063
212.157 1035
211.895 1078
211.633 974
211.371 1002
211.109 1055
210.847 1033
210.585 1067
210.323 1075
210.061 1085
209.799 1046
209.537 1084
209.275 1046
209.013 1063
208.751 1020
208.489 1002
208.228 1084
207.966 1006
207.704 1022
207.442 1113
207.18 1040
206.918 1044
206.656 1004
206.394 1022
206.132 1071
205.87 1047
205.608 1075
205.346 1070
205.084 1023
204.822 1053
204.56 1030
204.298 1076
204.036 1016
203.774 1040
203.512 1075
203.25 1126
202.988 1020
202.726 1064
202.464 1108
202.202 1036
201.94 1035
201.678 1032
201.416 1014
201.154 1058
200.892 1022
200.63 1109
200.368 1035
200.106 1029
199.844 1090
199.582 1104
199.32 1047
199.058 1094
198.796 1107
198.534 1113
198.272 1062
198.01 1092
197.748 1114
197.486 1069
197.224 1072
196.962 1080
196.7 1077
196.439 1092
196.177 1069
195.915 1088
195.653 1079
195.391 1137
195.129 1118
194.867 1062
194.605 1088
194.343 1092
194.081 1074
193.819 1120
193.557 1105
193.295 1050
193.033 1137
192.771 1109
192.509 1089
192.247 1076
191.985 1120
191.723 1074
191.461 1076
191.199 1087
190.937 1085
190.675 1052
190.413 1043
190.151 1085
189.889 1106
189.627 1128
189.365 1098
189.103 1106
188.841 1102
188.579 1127
188.317 1115
188.055 1156
187.793 1108
187.531 1170
187.269 1087
187.007 1065
186.745 1179
186.483 1125
186.221 1132
185.959 1128
185.697 1137
185.435 1136
185.173 1177
184.911 1123
184.65 1110
184.388 1165
184.126 1146
183.864 1204
183.602 1173
183.34 1151
183.078 1186
182.816 1212
182.554 1159
182.292 1160
182.03 1145
181.768 1100
181.506 1131
181.244 1108
180.982 1186
180.72 1136
180.458 1133
180.196 1231
179.934 1135
179.672 1196
179.41 1149
179.148 1149
178.886 1159
178.624 1150
178.362 1160
178.1 1133
177.838 1107
177.576 1083
177.314 1197
177.052 1151
176.79 1156
176.528 1191
176.266 1166
176.004 1104
175.742 1149
175.48 1131
175.218 1149
174.956 1153
174.694 1127
174.432 1139
174.17 1136
173.908 1104
173.646 1111
173.384 1107
173.122 1041
172.861 1018
172.599 1064
172.337 1057
172.075 1080
171.813 1021
171.551 1041
171.289 1017
171.027 1099
170.765 1018
170.503 1019
170.241 1076
169.979 1048
169.717 1052
169.455 1033
169.193 1033
168.931 1018
168.669 1048
168.407 1048
168.145 1036
167.883 1008
167.621 1054
167.359 1143
167.097 1059
166.835 1157
166.573 1135
166.311 1267
166.049 1347
165.787 1430
165.525 1608
165.263 1800
165.001 1913
164.739 2203
164.477 2145
164.215 2122
163.953 2010
163.691 1763
163.429 1641
163.167 1594
162.905 1486
162.643 1521
162.381 1340
162.119 1289
161.857 1177
161.595 1179
161.333 1178
161.072 1242
160.81 1311
160.548 1432
160.286 1640
160.024 1841
159.762 2042
159.5 2337
159.238 2414
158.976 2398
158.714 2170
158.452 1980
158.19 1814
157.928 1681
157.666 1567
157.404 1502
157.142 1470
156.88 1233
156.618 1123
156.356 965
156.094 871
155.832 905
155.57 790
155.308 785
155.046 832
154.784 726
154.522 749
154.26 815
153.998 766
153.736 787
153.474 740
153.212 716
152.95 692
152.688 720
152.426 746
152.164 770
151.902 755
151.64 722
151.378 730
151.116 713
150.854 755
150.592 768
150.33 706
150.068 724
149.806 748
149.544 718
149.283 745
149.021 688
148.759 704
148.497 726
148.235 718
147.973 730
147.711 741
147.449 738
147.187 667
146.925 680
146.663 734
146.401 667
146.139 687
145.877 707
145.615 756
145.353 729
145.091 696
144.829 744
144.567 722
144.305 735
144.043 712
143.781 716
143.519 740
143.257 678
142.995 777
142.733 736
142.471 712
142.209 779
141.947 707
141.685 713
141.423 748
141.161 714
140.899 757
140.637 693
140.375 722
140.113 736
139.851 697
139.589 745
139.327 688
139.065 686
138.803 713
138.541 790
138.279 751
138.017 735
137.755 672
137.494 722
137.232 742
136.97 738
136.708 698
136.446 764
136.184 760
135.922 704
135.66 694
135.398 730
135.136 697
134.874 697
134.612 723
134.35 763
134.088 762
133.826 717
133.564 760
133.302 720
133.04 708
132.778 679
132.516 753
132.254 744
131.992 751
131.73 704
131.468 724
131.206 717
130.944 731
130.682 726
130.42 800
130.158 719
129.896 697
129.634 716
129.372 766
129.11 756
128.848 697
128.586 737
128.324 733
128.062 754
127.8 749
127.538 713
127.276 734
127.014 694
126.752 754
126.49 693
126.228 790
125.966 727
125.705 762
125.443 756
125.181 760
124.919 772
124.657 763
124.395 740
124.133 785
123.871 765
123.609 704
123.347 759
123.085 771
122.823 787
122.561 792
122.299 735
122.037 779
121.775 742
121.513 735
121.251 748
120.989 761
120.727 794
120.465 752
120.203 759
119.941 796
119.679 738
119.417 821
119.155 756
118.893 752
118.631 780
118.369 776
118.107 760
117.845 764
117.583 774
117.321 766
117.059 794
116.797 772
116.535 783
116.273 706
116.011 765
115.749 709
115.487 719
115.225 720
114.963 762
114.701 803
114.439 729
114.177 719
113.916 808
113.654 747
113.392 713
113.13 744
112.868 828
112.606 701
112.344 732
112.082 731
111.82 732
111.558 784
111.296 718
111.034 769
110.772 752
110.51 755
110.248 740
109.986 715
109.724 748
109.462 762
109.2 777
108.938 732
108.676 760
108.414 762
108.152 775
107.89 792
107.628 748
107.366 786
107.104 799
106.842 745
106.58 792
106.318 773
106.056 790
105.794 780
105.532 757
105.27 752
105.008 750
104.746 727
104.484 750
104.222 828
103.96 812
103.698 814
103.436 780
103.174 835
102.912 825
102.65 846
102.388 828
102.127 800
101.865 845
101.603 808
101.341 839
101.079 837
100.817 820
100.555 815
100.293 834
100.031 854
99.7687 869
99.5067 799
99.2447 821
98.9828 866
98.7208 876
98.4588 883
98.1968 862
97.9349 851
97.6729 893
97.4109 861
97.1489 871
96.8869 940
96.625 926
96.363 887
96.101 872
95.839 866
95.5771 854
95.3151 890
95.0531 869
94.7911 857
94.5291 811
94.2672 787
94.0052 796
93.7432 779
93.4812 834
93.2193 781
92.9573 766
92.6953 756
92.4333 787
92.1713 769
91.9094 764
91.6474 734
91.3854 782
91.1234 804
90.8615 739
90.5995 729
90.3375 791
90.0755 729
89.8135 759
89.5516 707
89.2896 741
89.0276 772
88.7656 771
88.5037 730
88.2417 743
87.9797 732
87.7177 676
87.4557 727
87.1938 684
86.9318 698
86.6698 704
86.4078 783
86.1459 706
85.8839 687
85.6219 719
85.3599 700
85.0979 678
84.836 679
84.574 708
84.312 666
84.05 682
83.7881 734
83.5261 708
83.2641 663
83.0021 696
82.7401 667
82.4782 693
82.2162 736
81.9542 676
81.6922 632
81.4303 689
81.1683 661
80.9063 689
80.6443 682
80.3823 623
80.1204 660
79.8584 685
79.5964 680
79.3344 673
79.0725 707
78.8105 670
78.5485 699
78.2865 662
78.0245 657
77.7626 697
77.5006 673
77.2386 724
76.9766 729
76.7147 699
76.4527 751
76.1907 785
75.9287 785
75.6667 772
75.4048 842
75.1428 902
74.8808 894
74.6188 837
74.3569 803
74.0949 756
73.8329 729
73.5709 754
73.3089 729
73.047 690
72.785 779
72.523 819
72.261 894
71.9991 898
71.7371 831
71.4751 875
71.2131 875
70.9511 768
70.6892 729
70.4272 679
70.1652 650
69.9032 644
69.6413 655
69.3793 645
69.1173 637
68.8553 654
68.5933 678
68.3314 684
68.0694 626
67.8074 646
67.5454 682
67.2835 657
67.0215 647
66.7595 695
66.4975 656
66.2355 676
65.9736 669
65.7116 658
65.4496 692
65.1876 707
64.9257 709
64.6637 728
64.4017 674
64.1397 703
63.8777 758
63.6158 736
63.3538 725
63.0918 727
62.8298 700
62.5679 760
62.3059 733
62.0439 777
61.7819 761
61.5199 731
61.258 719
60.996 710
60.734 722
60.472 761
60.2101 761
59.9481 756
59.6861 724
59.4241 763
59.1621 730
58.9002 770
58.6382 713
58.3762 741
58.1142 724
57.8523 748
57.5903 707
57.3283 719
57.0663 723
56.8043 718
56.5424 657
56.2804 625
56.0184 670
55.7564 627
55.4945 649
55.2325 634
54.9705 615
54.7085 575
54.4465 601
54.1846 572
53.9226 527
53.6606 525
53.3986 554
53.1367 517
52.8747 515
52.6127 498
52.3507 463
52.0887 441
51.8268 477
51.5648 480
51.3028 439
51.0408 447
50.7789 411
50.5169 399
50.2549 434
49.9929 405
49.7309 453
49.469 380
49.207 398
48.945 415
48.683 412
48.4211 388
48.1591 399
47.8971 400
47.6351 394
47.3731 397
47.1112 369
46.8492 418
46.5872 387
46.3252 390
46.0633 381
45.8013 414
45.5393 382
45.2773 386
45.0153 408
44.7534 399
44.4914 359
44.2294 337
43.9674 398
43.7055 354
43.4435 356
43.1815 404
42.9195 376
42.6575 347
42.3956 380
42.1336 366
41.8716 361
41.6096 349
41.3477 346
41.0857 354
40.8237 409
40.5617 393
40.2997 382
40.0378 358
39.7758 414
39.5138 383
39.2518 376
38.9899 394
38.7279 394
38.4659 351
38.2039 358
37.9419 332
37.68 368
37.418 362
37.156 324
36.894 380
36.6321 321
36.3701 422
36.1081 350
35.8461 370
35.5841 355
35.3222 354
35.0602 370
34.7982 383
34.5362 381
34.2743 388
34.0123 420
33.7503 369
33.4883 380
33.2263 380
32.9644 347
32.7024 426
32.4404 379
32.1784 349
31.9165 385
31.6545 381
31.3925 376
31.1305 391
30.8685 421
30.6066 431
30.3446 441
30.0826 483
29.8206 510
29.5586 528
29.2967 534
29.0347 525
28.7727 480
28.5107 502
28.2488 483
27.9868 476
27.7248 530
27.4628 541
27.2008 562
26.9389 512
26.6769 593
26.4149 610
26.1529 551
25.891 565
25.629 550
25.367 554
25.105 478
24.843 452
24.5811 442
24.3191 454
24.0571 394
23.7951 382
23.5332 363
23.2712 350
23.0092 364
22.7472 321
22.4852 333
22.2233 320
21.9613 316
21.6993 303
21.4373 326
21.1754 318
20.9134 335
20.6514 320
20.3894 293
20.1274 317
19.8655 296
19.6035 288
19.3415 290
19.0795 311
18.8176 258
18.5556 290
18.2936 247
18.0316 296
17.7696 269
17.5077 273
17.2457 308
16.9837 282
16.7217 276
16.4598 300
16.1978 293
15.9358 276
15.6738 270
15.4118 258
15.1499 263
14.8879 289
14.6259 311
14.3639 278
14.102 271
13.84 271
13.578 277
13.316 289
13.054 300
12.7921 253
12.5301 277
12.2681 268
12.0061 246
11.7442 261
11.4822 263
11.2202 289
10.9582 261
10.6962 289
10.4343 241
10.1723 293
9.91031 306
9.64834 318
9.38636 318
9.12438 378
8.8624 388
8.60042 417
8.33845 517
8.07647 518
7.81449 602
7.55251 728
7.29054 791
7.02856 950
6.76658 998
6.5046 1074
6.24262 1120
5.98065 1113
5.71867 1225
5.45669 1158
5.19471 1121
4.93274 1106
4.67076 1088
4.40878 954
4.1468 840
3.88482 605
3.62285 481
3.36087 365
3.09889 328
2.83691 279
2.57494 234
2.31296 209
2.05098 184
1.789 167
1.52702 192
1.26505 154
1.00307 142
0.74109 144
0.479113 137
0.217135 122
-0.044843 99
-0.306821 118
-0.568799 94
-0.830776 104
-1.09275 89
-1.35473 80
-1.61671 98
-1.87869 81
-2.14067 93
-2.40264 78
-2.66462 86
-2.9266 69
-3.18858 74
-3.45055 93
-3.71253 103
-3.97451 94
-4.23649 92
-4.49847 88
-4.76044 108
-5.02242 93
-5.2844 90
-5.54638 108
-5.80835 83
-6.07033 74
-6.33231 76
-6.59429 94
-6.85627 81
-7.11824 88
-7.38022 94
-7.6422 83
-7.90418 121
-8.16616 79
-8.42813 86
-8.69011 96
-8.95209 92
-9.21407 85
-9.47604 80
-9.73802 97
-10 95
