170 16519 15897.8 15883.8 15424.5 15410.5 15897.8
169.9 16545 15910.4 15896.1 15423.4 15409 -
169.8 16382 15923.7 15909 15422.2 15407.5 -
169.7 16408 15937.6 15922.6 15421 15406 -
169.6 16448 15952.2 15936.8 15419.7 15404.3 -
169.5 16637 15967.5 15951.8 15418.4 15402.7 -
169.4 16188 15983.6 15967.5 15417.1 15401 -
169.3 16119 16000.6 15984.1 15415.7 15399.2 -
169.2 16345 16018.5 16001.6 15414.3 15397.4 -
169.1 16400 16037.3 16020 15412.9 15395.5 -
169 16474 16057.2 16039.5 15411.4 15393.6 -
168.9 16486 16078.3 16060.1 15409.8 15391.6 -
168.8 16020 16100.5 16081.8 15408.2 15389.5 -
168.7 16472 16124.1 16104.9 15406.6 15387.4 -
168.6 16470 16149.1 16129.3 15404.9 15385.1 -
168.5 15923 16175.6 16155.3 15403.1 15382.8 -
168.4 16183 16203.7 16182.9 15401.3 15380.4 -
168.3 16273 16233.7 16212.3 15399.4 15378 -
168.2 16120 16265.6 16243.6 15397.4 15375.4 -
168.1 16346 16299.7 16277 15395.3 15372.7 -
168 16125 16336.1 16312.8 15393.2 15369.9 -
167.9 16275 16375.1 16351.1 15391 15367 -
167.8 16329 16416.9 16392.1 15388.7 15363.9 -
167.7 16388 16461.9 16436.3 15386.3 15360.7 -
167.6 16514 16510.3 16483.9 15383.8 15357.4 -
167.5 16247 16562.7 16535.4 15381.2 15353.9 -
167.4 16273 16619.5 16591.3 15378.4 15350.3 -
167.3 16188 16681.4 16652.3 15375.6 15346.4 -
167.2 16361 16749.2 16719 15372.5 15342.4 -
167.1 16354 16823.9 16792.7 15369.3 15338.2 -
167 16296 16906.8 16874.5 15366 15333.7 -
166.9 16521 16999.6 16966.1 15362.4 15328.9 -
166.8 16698 17104.6 17069.8 15358.6 15323.9 -
166.7 16858 17224.4 17188.3 15354.6 15318.5 -
166.6 16996 17362.6 17325 15350.3 15312.7 -
166.5 17391 17523.6 17484.6 15345.6 15306.5 -
166.4 17562 17713 17672.3 15340.5 15299.9 -
166.3 17915 17937.4 17895 15335 15292.6 -
166.2 18207 18204.9 18160.7 15328.8 15284.6 -
166.1 18439 18524.8 18478.6 15322 15275.8 -
166 19029 18907.8 18859.4 15314.3 15265.9 -
165.9 19550 19365.8 19315.1 15305.6 15254.9 -
165.8 19905 19911.3 19858.2 15295.6 15242.5 -
165.7 20565 20557.6 20501.9 15284.2 15228.4 -
165.6 21525 21317.6 21258.9 15271 15212.3 -
165.5 22443 22203.1 22141.3 15255.7 15193.9 -
165.4 23336 23224 23158.8 15237.9 15172.7 -
165.3 24613 24387.5 24318.6 15217.3 15148.4 -
165.2 25550 25696.2 25623.3 15193.4 15120.5 -
165.1 27196 27147.9 27070.5 15165.9 15088.5 -
165 28770 28733.4 28651.1 15134.4 15052.1 -
164.9 30430 30435.6 30348 15098.4 15010.8 -
164.8 32143 32227.6 32134 15057.8 14964.2 -
164.7 33909 34070.9 33970.6 15012.3 14912 -
164.6 35460 35913.1 35805.5 14961.8 14854.2 -
164.5 37317 37686.6 37570.6 14906.6 14790.6 -
164.4 39360 39308.3 39182.9 14846.8 14721.4 -
164.3 41057 40683.3 40547.1 14783.4 14647.1 -
164.2 41772 41714.3 41565.4 14717.4 14568.5 -
164.1 42353 42315.9 42151.8 14650.6 14486.5 -
164 42346 42427.9 42244.7 14585.6 14402.4 -
163.9 41865 41847.5 41639.2 14526 14317.8 -
163.8 40581 40558.1 40315 14477.8 14234.6 -
163.7 38961 38733 38439 14449 14155.1 -
163.6 36341 36581.3 36211.3 14450.9 14080.9 -
163.5 34714 34303.6 33818.4 14498.1 14012.9 -
163.4 32071 32069.3 31411.3 14609.7 13951.6 -
163.3 30142 30012 29100.1 14808.8 13896.9 -
163.2 28312 28232.2 26959.2 15121.3 13848.2 -
163.1 26815 26800.6 25033.7 15571.6 13804.8 -
163 25676 25758.2 23346 16177.6 13765.5 -
162.9 25035 25114.9 21900.4 16943.8 13729.3 -
162.8 24796 24846.9 20687.7 17854.1 13694.9 -
162.7 24560 24894.8 19689.3 18866.7 13661.2 -
162.6 25102 25165.4 18880.9 19911.9 13627.3 -
162.5 25644 25536.3 18235.6 20893.1 13592.4 -
162.4 25894 25864.7 17726.9 21694.2 13556.4 -
162.3 26016 26006.5 17329.9 22195.8 13519.2 -
162.2 25978 25847.3 17023.5 22305.3 13481.5 -
162.1 25394 25272.3 16790.1 21926.3 13444.1 -
162 24264 24305.3 16616.2 21097.5 13408.4 -
161.9 23234 23093.9 16491.9 19977.5 13375.5 -
161.8 21918 21802.4 16409.7 18738.9 13346.1 -
161.7 20596 20571.1 16364.5 17527.1 13320.6 -
161.6 19392 19499.9 16353.1 16445.4 13298.7 -
161.5 18301 18644.7 16374 15550.7 13279.9 -
161.4 17747 18022.3 16427.2 14858.8 13263.7 -
161.3 17250 17620.1 16514.6 14354.8 13249.4 -
161.2 17190 17409.5 16639.7 14005.9 13236.1 -
161.1 17165 17358.3 16807.8 13774 13223.5 -
161 17493 17438.3 17026.2 13623.2 13211.1 -
160.9 17567 17630.7 17304 13524.9 13198.3 -
160.8 17899 17926.3 17652.6 13458.6 13184.9 -
160.7 18377 18325.2 18085 13410.7 13170.6 -
160.6 19036 18834 18616.2 13372.8 13155 -
160.5 19580 19464.4 19262.2 13340.1 13137.9 -
160.4 20544 20230.9 20040 13309.6 13118.7 -
160.3 21230 21148.8 20966.4 13279.6 13097.3 -
160.2 22478 22233.2 22057.2 13248.9 13072.9 -
160.1 23792 23497.4 23325.9 13216.8 13045.3 -
160 24976 24950.8 24782.2 13182.2 13013.7 -
159.9 26814 26598.1 26431.1 13144.7 12977.6 -
159.8 28310 28437.3 28270.4 13103.4 12936.5 -
159.7 30493 30458 30290 13057.7 12889.7 -
159.6 32495 32639.7 32469.2 13007 12836.6 -
159.5 34482 34949.2 34775.1 12950.9 12776.8 -
159.4 37084 37338.9 37159.6 12889.1 12709.8 -
159.3 39541 39743.2 39557.4 12821.2 12635.4 -
159.2 42269 42076.6 41882.6 12747.5 12553.5 -
159.1 44296 44233.2 44029.2 12668.3 12464.4 -
159 46424 46089.9 45873.7 12584.6 12368.4 -
158.9 47840 47517.1 47286.1 12497.6 12266.5 -
158.8 48434 48397.2 48147.5 12409.8 12160.1 -
158.7 48657 48647.2 48373.5 12324.3 12050.6 -
158.6 47681 48050.1 47744.2 12246 11940.1 -
158.5 46241 46483 46131.6 12182.4 11831 -
158.4 44618 44157.3 43739 12144.6 11726.3 -
158.3 41187 41346.5 40827.2 12147.7 11628.4 -
158.2 38222 38323.2 37649.7 12212 11538.6 -
158.1 35135 35322.8 34416.2 12364.3 11457.7 -
158 32559 32534.2 31282.4 12637.4 11385.6 -
157.9 30198 30102 28355.3 13068.4 11321.7 -
157.8 27955 28130.5 25701.2 13694.3 11265 -
157.7 26586 26684.4 23354.7 14543.7 11214.1 -
157.6 25743 25785.6 21325.5 15627.4 11167.3 -
157.5 25726 25409.3 19604.2 16928.2 11123.2 -
157.4 25430 25480.2 18168 18392.2 11080 -
157.3 26191 25873.7 16985.5 19924.8 11036.5 -
157.2 26581 26420.9 16021 21391.6 10991.7 -
157.1 26954 26920.3 15238.6 22626.8 10945.1 -
157 26900 27161.6 14604.4 23454 10896.8 -
156.9 26805 26969.5 14088.8 23728.4 10847.7 -
156.8 26052 26181.4 13667.1 23313.3 10799 -
156.7 24615 24775.4 13319.4 22208.5 10752.6 -
156.6 23178 22953.5 13030.8 20632.9 10710.2 -
156.5 20863 20956.6 12789.2 18840.6 10673.2 -
156.4 19065 18997.2 12585.4 17054 10642.2 -
156.3 17413 17230.7 12411.9 15435.7 10616.9 -
156.2 15986 15746.9 12262.8 14081 10596.9 -
156.1 14572 14574.9 12133.5 13022.8 10581.4 -
156 13862 13696.9 12020.1 12246.2 10569.3 -
155.9 13004 13066.4 11919.6 11706.6 10559.9 -
155.8 12663 12626.1 11829.8 11348.6 10552.3 -
155.7 12102 12321.6 11748.8 11118.8 10546 -
155.6 12099 12108 11675.3 10973.4 10540.7 -
155.5 11990 11952.8 11608.3 10880.5 10535.9 -
155.4 11822 11833.9 11546.7 10818.8 10531.7 -
155.3 11698 11737.7 11490.1 10775.3 10527.7 -
155.2 11601 11656.3 11437.9 10742.5 10524.1 -
155.1 11497 11585.1 11389.5 10716.2 10520.7 -
155 11473 11521.5 11344.7 10694.2 10517.4 -
154.9 11455 11463.9 11303 10675.2 10514.4 -
154.8 11344 11411.3 11264.2 10658.6 10511.5 -
154.7 11372 11363.1 11228.1 10643.9 10508.8 -
154.6 11316 11318.7 11194.3 10630.7 10506.2 -
154.5 11359 11277.8 11162.6 10618.9 10503.8 -
154.4 11426 11239.8 11133 10608.3 10501.4 -
154.3 11433 11204.5 11105.1 10598.6 10499.2 -
154.2 11460 11171.7 11079 10589.8 10497.1 -
154.1 11190 11141 11054.3 10581.7 10495.1 -
154 11194 11112.4 11031.1 10574.3 10493.1 -
153.9 11304 11085.5 11009.2 10567.5 10491.2 -
153.8 11419 11060.3 10988.5 10561.3 10489.4 -
153.7 11407 11036.7 10968.9 10555.5 10487.7 -
153.6 11183 11014.4 10950.4 10550.1 10486.1 -
153.5 11309 10993.3 10932.8 10545 10484.5 -
153.4 11472 10973.5 10916.1 10540.3 10482.9 -
153.3 11414 10954.7 10900.2 10535.9 10481.4 -
153.2 11219 10937 10885.1 10531.8 10480 -
153.1 11594 10920.1 10870.8 10527.9 10478.6 -
153 11408 10904.1 10857.1 10524.3 10477.3 -
152.9 11324 10888.9 10844.1 10520.9 10476 -
152.8 11168 10874.5 10831.6 10517.6 10474.8 -
152.7 11137 10860.7 10819.7 10514.6 10473.5 -
152.6 11130 10847.6 10808.4 10511.6 10472.4 -
152.5 11149 10835.1 10797.5 10508.9 10471.2 -
152.4 10948 10823.2 10787.1 10506.3 10470.1 -
152.3 11010 10811.8 10777.1 10503.8 10469.1 -
152.2 11112 10800.9 10767.6 10501.4 10468 -
152.1 11047 10790.5 10758.4 10499.1 10467 -
152 10705 10780.5 10749.6 10496.9 10466.1 -
151.9 10703 10770.9 10741.2 10494.9 10465.1 -
151.8 10570 10761.7 10733 10492.9 10464.2 -
151.7 10839 10752.9 10725.2 10491 10463.3 -
151.6 10755 10744.4 10717.7 10489.1 10462.4 -
151.5 10520 10736.3 10710.5 10487.4 10461.6 -
151.4 10413 10728.5 10703.5 10485.7 10460.7 -
151.3 10483 10720.9 10696.8 10484.1 10459.9 -
151.2 10704 10713.7 10690.3 10482.5 10459.1 -
151.1 10488 10706.7 10684.1 10481 10458.4 -
151 10503 10700 10678 10479.6 10457.6 -
150.9 10327 10693.5 10672.2 10478.2 10456.9 -
150.8 10473 10687.2 10666.6 10476.8 10456.2 -
150.7 10488 10681.1 10661.1 10475.5 10455.5 -
150.6 10243 10675.3 10655.9 10474.2 10454.8 -
150.5 10507 10669.7 10650.8 10473 10454.1 -
150.4 10292 10664.2 10645.8 10471.8 10453.5 -
150.3 10287 10658.9 10641.1 10470.7 10452.8 -
150.2 10452 10653.8 10636.4 10469.6 10452.2 -
150.1 10388 10648.9 10632 10468.5 10451.6 -
150 10232 10644.1 10627.6 10467.5 10451 10644.1
