1100 3614
1099.74 3600
1099.48 3644
1099.21 3477
1098.95 3541
1098.69 3639
1098.43 3531
1098.17 3490
1097.9 3603
1097.64 3588
1097.38 3594
1097.12 3568
1096.86 3559
1096.59 3714
1096.33 3497
1096.07 3429
1095.81 3615
1095.55 3591
1095.28 3582
1095.02 3565
1094.76 3526
1094.5 3684
1094.24 3674
1093.97 3619
1093.71 3573
1093.45 3653
1093.19 3543
1092.93 3566
1092.66 3617
1092.4 3567
1092.14 3554
1091.88 3611
1091.62 3574
1091.35 3622
1091.09 3678
1090.83 3627
1090.57 3708
1090.31 3624
1090.04 3703
1089.78 3647
1089.52 3606
1089.26 3728
1089 3637
1088.73 3702
1088.47 3642
1088.21 3565
1087.95 3694
1087.69 3700
1087.43 3639
1087.16 3662
1086.9 3651
1086.64 3737
1086.38 3714
1086.12 3677
1085.85 3590
1085.59 3725
1085.33 3680
1085.07 3672
1084.81 3473
1084.54 3731
1084.28 3650
1084.02 3651
1083.76 3758
1083.5 3601
1083.23 3569
1082.97 3693
1082.71 3706
1082.45 3722
1082.19 3617
1081.92 3631
1081.66 3692
1081.4 3730
1081.14 3737
1080.88 3711
1080.61 3768
1080.35 3787
1080.09 3783
1079.83 3811
1079.57 3676
1079.3 3698
1079.04 3773
1078.78 3757
1078.52 3758
1078.26 3606
1077.99 3690
1077.73 3771
1077.47 3689
1077.21 3716
1076.95 3766
1076.68 3794
1076.42 3761
1076.16 3707
1075.9 3773
1075.64 3681
1075.37 3685
1075.11 3725
1074.85 3845
1074.59 3780
1074.33 3799
1074.06 3756
1073.8 3721
1073.54 3714
1073.28 3728
1073.02 3720
1072.75 3775
1072.49 3796
1072.23 3668
1071.97 3704
1071.71 3889
1071.44 3764
1071.18 3671
1070.92 3645
1070.66 3751
1070.4 3766
1070.13 3640
1069.87 3800
1069.61 3702
1069.35 3650
1069.09 3806
1068.82 3702
1068.56 3871
1068.3 3748
1068.04 3817
1067.78 3686
1067.51 3839
1067.25 3683
1066.99 3788
1066.73 3798
1066.47 3773
1066.2 3861
1065.94 3626
1065.68 3782
1065.42 3656
1065.16 3777
1064.89 3749
1064.63 3797
1064.37 3910
1064.11 3832
1063.85 3725
1063.59 3832
1063.32 3748
1063.06 3730
1062.8 3972
1062.54 3832
1062.28 3779
1062.01 3833
1061.75 3792
1061.49 3856
1061.23 3801
1060.97 3769
1060.7 3944
1060.44 3842
1060.18 3823
1059.92 3846
1059.66 3959
1059.39 3828
1059.13 3779
1058.87 3852
1058.61 3925
1058.35 3849
1058.08 3847
1057.82 3865
1057.56 3920
1057.3 3810
1057.04 3847
1056.77 3907
1056.51 3791
1056.25 3865
1055.99 3872
1055.73 3852
1055.46 3804
1055.2 3899
1054.94 3873
1054.68 3776
1054.42 3763
1054.15 3888
1053.89 3854
1053.63 3838
1053.37 3869
1053.11 3861
1052.84 3863
1052.58 3828
1052.32 3885
1052.06 3875
1051.8 3805
1051.53 3831
1051.27 3779
1051.01 3980
1050.75 3935
1050.49 3906
1050.22 3822
1049.96 3938
1049.7 3909
1049.44 3830
1049.18 3805
1048.91 3866
1048.65 3834
1048.39 3855
1048.13 3838
1047.87 3971
1047.6 3824
1047.34 4073
1047.08 3839
1046.82 3873
1046.56 3904
1046.29 3916
1046.03 3866
1045.77 3851
1045.51 4036
1045.25 3895
1044.98 3945
1044.72 3977
1044.46 3969
1044.2 3852
1043.94 3884
1043.67 3874
1043.41 3901
1043.15 3936
1042.89 4013
1042.63 3905
1042.36 3926
1042.1 3963
1041.84 4001
1041.58 3751
1041.32 3951
1041.05 3941
1040.79 3867
1040.53 3933
1040.27 3996
1040.01 3960
1039.75 3995
1039.48 3882
1039.22 4007
1038.96 4000
1038.7 4043
1038.44 3966
1038.17 4091
1037.91 4003
1037.65 4007
1037.39 4095
1037.13 4065
1036.86 4062
1036.6 4065
1036.34 4029
1036.08 3970
1035.82 3968
1035.55 4007
1035.29 4046
1035.03 4105
1034.77 3854
1034.51 4041
1034.24 4023
1033.98 4015
1033.72 3988
1033.46 4042
1033.2 3879
1032.93 4076
1032.67 4139
1032.41 4099
1032.15 3901
1031.89 4074
1031.62 3931
1031.36 4078
1031.1 3996
1030.84 4121
1030.58 3915
1030.31 4030
1030.05 4034
1029.79 4138
1029.53 4078
1029.27 3976
1029 4055
1028.74 4129
1028.48 4121
1028.22 4072
1027.96 4091
1027.69 4158
1027.43 4012
1027.17 3992
1026.91 4014
1026.65 4107
1026.38 4090
1026.12 4107
1025.86 4226
1025.6 4128
1025.34 4006
1025.07 3971
1024.81 4117
1024.55 4089
1024.29 3959
1024.03 3978
1023.76 4017
1023.5 4150
1023.24 4140
1022.98 4051
1022.72 4078
1022.45 4150
1022.19 4102
1021.93 4059
1021.67 4129
1021.41 4145
1021.14 4201
1020.88 4155
1020.62 4096
1020.36 4104
1020.1 4242
1019.83 3985
1019.57 4222
1019.31 4031
1019.05 4256
1018.79 4176
1018.52 4138
1018.26 4138
1018 4090
1017.74 4141
1017.48 4144
1017.22 4147
1016.95 4252
1016.69 4100
1016.43 4242
1016.17 4100
1015.91 4283
1015.64 4239
1015.38 4140
1015.12 4123
1014.86 4143
1014.6 4077
1014.33 4304
1014.07 4073
1013.81 4188
1013.55 4194
1013.29 4134
1013.02 4191
1012.76 4194
1012.5 4264
1012.24 4162
1011.98 4243
1011.71 4207
1011.45 4184
1011.19 4305
1010.93 4249
1010.67 4269
1010.4 4210
1010.14 4260
1009.88 4278
1009.62 4090
1009.36 4346
1009.09 4246
1008.83 4256
1008.57 4210
1008.31 4194
1008.05 4237
1007.78 4171
1007.52 4202
1007.26 4299
1007 4243
1006.74 4331
1006.47 4168
1006.21 4239
1005.95 4242
1005.69 4229
1005.43 4378
1005.16 4363
1004.9 4385
1004.64 4255
1004.38 4244
1004.12 4278
1003.85 4265
1003.59 4285
1003.33 4222
1003.07 4260
1002.81 4359
1002.54 4309
1002.28 4427
1002.02 4303
1001.76 4378
1001.5 4322
1001.23 4379
1000.97 4265
1000.71 4306
1000.45 4201
1000.19 4209
999.924 4384
999.662 4277
999.401 4408
999.139 4308
998.877 4384
998.615 4332
998.353 4307
998.091 4266
997.829 4274
997.567 4226
997.305 4337
997.043 4352
996.781 4348
996.519 4356
996.257 4265
995.995 4297
995.733 4353
995.471 4290
995.209 4372
994.947 4306
994.685 4518
994.423 4329
994.161 4355
993.899 4352
993.637 4290
993.375 4281
993.113 4291
992.851 4344
992.589 4224
992.327 4366
992.065 4323
991.803 4304
991.541 4330
991.279 4324
991.017 4414
990.755 4320
990.493 4300
990.231 4311
989.969 4251
989.707 4376
989.445 4433
989.183 4372
988.921 4330
988.659 4279
988.397 4311
988.135 4384
987.873 4476
987.612 4410
987.35 4272
987.088 4430
986.826 4441
986.564 4322
986.302 4403
986.04 4444
985.778 4329
985.516 4340
985.254 4427
984.992 4331
984.73 4249
984.468 4391
984.206 4344
983.944 4339
983.682 4318
983.42 4277
983.158 4352
982.896 4368
982.634 4334
982.372 4391
982.11 4393
981.848 4406
981.586 4477
981.324 4366
981.062 4410
980.8 4412
980.538 4449
980.276 4563
980.014 4401
979.752 4484
979.49 4473
979.228 4431
978.966 4527
978.704 4331
978.442 4524
978.18 4595
977.918 4446
977.656 4517
977.394 4458
977.132 4505
976.87 4364
976.608 4502
976.346 4438
976.084 4484
975.823 4456
975.561 4521
975.299 4395
975.037 4472
974.775 4434
974.513 4525
974.251 4421
973.989 4494
973.727 4520
973.465 4506
973.203 4390
972.941 4375
972.679 4460
972.417 4490
972.155 4385
971.893 4419
971.631 4376
971.369 4405
971.107 4344
970.845 4432
970.583 4512
970.321 4422
970.059 4290
969.797 4514
969.535 4484
969.273 4392
969.011 4272
968.749 4240
968.487 4388
968.225 4306
967.963 4145
967.701 4284
967.439 4381
967.177 4254
966.915 4357
966.653 4252
966.391 4281
966.129 4383
965.867 4399
965.605 4244
965.343 4272
965.081 4255
964.819 4180
964.557 4162
964.295 4098
964.034 4286
963.772 4341
963.51 4172
963.248 4269
962.986 4143
962.724 4162
962.462 4190
962.2 4250
961.938 4300
961.676 4135
961.414 4102
961.152 4125
960.89 4175
960.628 4220
960.366 4180
960.104 4300
959.842 4125
959.58 4116
959.318 4219
959.056 4267
958.794 4295
958.532 4187
958.27 4076
958.008 4268
957.746 4195
957.484 4162
957.222 4303
956.96 4079
956.698 4242
956.436 4325
956.174 4112
955.912 4247
955.65 4242
955.388 4354
955.126 4230
954.864 4263
954.602 4375
954.34 4084
954.078 4131
953.816 4258
953.554 4267
953.292 4279
953.03 4177
952.768 4103
952.506 4222
952.245 4297
951.983 4215
951.721 4281
951.459 4229
951.197 4173
950.935 4115
950.673 4097
950.411 4264
950.149 4236
949.887 4251
949.625 4357
949.363 4208
949.101 4221
948.839 4317
948.577 4361
948.315 4228
948.053 4375
947.791 4270
947.529 4313
947.267 4217
947.005 4338
946.743 4155
946.481 4201
946.219 4389
945.957 4203
945.695 4233
945.433 4346
945.171 4247
944.909 4243
944.647 4171
944.385 4413
944.123 4232
943.861 4368
943.599 4205
943.337 4320
943.075 4306
942.813 4371
942.551 4256
942.289 4366
942.027 4357
941.765 4332
941.503 4376
941.241 4243
940.979 4375
940.717 4272
940.456 4188
940.194 4346
939.932 4242
939.67 4319
939.408 4254
939.146 4326
938.884 4341
938.622 4269
938.36 4351
938.098 4240
937.836 4293
937.574 4309
937.312 4330
937.05 4320
936.788 4317
936.526 4355
936.264 4232
936.002 4268
935.74 4290
935.478 4406
935.216 4336
934.954 4315
934.692 4186
934.43 4338
934.168 4199
933.906 4198
933.644 4214
933.382 4406
933.12 4252
932.858 4330
932.596 4210
932.334 4235
932.072 4249
931.81 4394
931.548 4281
931.286 4386
931.024 4408
930.762 4256
930.5 4514
930.238 4343
929.976 4426
929.714 4297
929.452 4426
929.19 4419
928.928 4438
928.667 4365
928.405 4359
928.143 4344
927.881 4274
927.619 4407
927.357 4340
927.095 4325
926.833 4272
926.571 4279
926.309 4396
926.047 4359
925.785 4232
925.523 4376
925.261 4409
924.999 4475
924.737 4398
924.475 4322
924.213 4383
923.951 4372
923.689 4302
923.427 4277
923.165 4348
922.903 4383
922.641 4336
922.379 4351
922.117 4247
921.855 4429
921.593 4452
921.331 4246
921.069 4257
920.807 4366
920.545 4365
920.283 4489
920.021 4432
919.759 4390
919.497 4364
919.235 4366
918.973 4330
918.711 4456
918.449 4543
918.187 4432
917.925 4370
917.663 4353
917.401 4342
917.139 4447
916.878 4455
916.616 4405
916.354 4378
916.092 4477
915.83 4489
915.568 4303
915.306 4446
915.044 4454
914.782 4394
914.52 4475
914.258 4399
913.996 4448
913.734 4436
913.472 4454
913.21 4530
912.948 4425
912.686 4428
912.424 4497
912.162 4451
911.9 4498
911.638 4481
911.376 4385
911.114 4210
910.852 4473
910.59 4522
910.328 4428
910.066 4335
909.804 4496
909.542 4508
909.28 4476
909.018 4425
908.756 4561
908.494 4441
908.232 4727
907.97 4488
907.708 4431
907.446 4576
907.184 4609
906.922 4468
906.66 4472
906.398 4522
906.136 4614
905.874 4414
905.612 4469
905.35 4607
905.089 4455
904.827 4514
904.565 4586
904.303 4518
904.041 4538
903.779 4457
903.517 4520
903.255 4477
902.993 4490
902.731 4515
902.469 4530
902.207 4397
901.945 4452
901.683 4508
901.421 4638
901.159 4611
900.897 4529
900.635 4428
900.373 4392
900.111 4511
899.849 4642
899.587 4497
899.325 4619
899.063 4574
898.801 4605
898.539 4470
898.277 4416
898.015 4549
897.753 4591
897.491 4533
897.229 4450
896.967 4578
896.705 4505
896.443 4492
896.181 4525
895.919 4617
895.657 4623
895.395 4661
895.133 4601
894.871 4613
894.609 4643
894.347 4495
894.085 4478
893.823 4657
893.561 4479
893.3 4598
893.038 4529
892.776 4619
892.514 4612
892.252 4646
891.99 4537
891.728 4641
891.466 4719
891.204 4618
890.942 4544
890.68 4606
890.418 4571
890.156 4491
889.894 4473
889.632 4660
889.37 4625
889.108 4554
888.846 4511
888.584 4601
888.322 4641
888.06 4494
887.798 4741
887.536 4534
887.274 4694
887.012 4661
886.75 4721
886.488 4489
886.226 4714
885.964 4602
885.702 4592
885.44 4641
885.178 4564
884.916 4545
884.654 4567
884.392 4621
884.13 4625
883.868 4596
883.606 4608
883.344 4748
883.082 4554
882.82 4702
882.558 4577
882.296 4605
882.034 4639
881.772 4667
881.511 4681
881.249 4644
880.987 4638
880.725 4728
880.463 4669
880.201 4600
879.939 4758
879.677 4588
879.415 4705
879.153 4707
878.891 4732
878.629 4838
878.367 4686
878.105 4558
877.843 4667
877.581 4545
877.319 4820
877.057 4699
876.795 4727
876.533 4652
876.271 4498
876.009 4694
875.747 4667
875.485 4727
875.223 4655
874.961 4689
874.699 4682
874.437 4729
874.175 4801
873.913 4804
873.651 4791
873.389 4538
873.127 4726
872.865 4555
872.603 4700
872.341 4738
872.079 4765
871.817 4771
871.555 4781
871.293 4766
871.031 4692
870.769 4759
870.507 4695
870.245 4739
869.983 4761
869.722 4704
869.46 4667
869.198 4807
868.936 4657
868.674 4847
868.412 4699
868.15 4711
867.888 4892
867.626 4620
867.364 4762
867.102 4868
866.84 4880
866.578 4793
866.316 4732
866.054 4776
865.792 4779
865.53 4855
865.268 4907
865.006 4823
864.744 4728
864.482 4714
864.22 4817
863.958 4809
863.696 4801
863.434 4789
863.172 4670
862.91 4766
862.648 4809
862.386 4712
862.124 4765
861.862 4738
861.6 4874
861.338 4724
861.076 4703
860.814 4726
860.552 4848
860.29 4860
860.028 4647
859.766 4771
859.504 4760
859.242 4882
858.98 4806
858.718 4785
858.456 4778
858.194 4852
857.932 4767
857.671 4876
857.409 4711
857.147 4612
856.885 4827
856.623 4818
856.361 4904
856.099 4810
855.837 4913
855.575 4925
855.313 4785
855.051 4830
854.789 4783
854.527 4760
854.265 4736
854.003 4961
853.741 4819
853.479 4910
853.217 4809
852.955 4988
852.693 4843
852.431 4908
852.169 4883
851.907 4940
851.645 4746
851.383 4924
851.121 4844
850.859 4876
850.597 4797
850.335 4846
850.073 4804
849.811 4858
849.549 4765
849.287 4890
849.025 4912
848.763 4994
848.501 4849
848.239 4837
847.977 4786
847.715 4909
847.453 4846
847.191 4988
846.929 4771
846.667 4828
846.405 4831
846.143 4932
845.882 4927
845.62 5052
845.358 4941
845.096 4834
844.834 4915
844.572 4955
844.31 4899
844.048 4743
843.786 4817
843.524 4896
843.262 4927
843 4879
842.738 4913
842.476 4923
842.214 4847
841.952 4987
841.69 4955
841.428 4912
841.166 5006
840.904 5011
840.642 5041
840.38 4904
840.118 4912
839.856 4892
839.594 4956
839.332 5031
839.07 5022
838.808 5050
838.546 4951
838.284 4953
838.022 4972
837.76 4848
837.498 4908
837.236 5017
836.974 5046
836.712 5009
836.45 5115
836.188 4984
835.926 5059
835.664 5056
835.402 5010
835.14 4975
834.878 5036
834.616 5004
834.354 5048
834.093 4950
833.831 4938
833.569 4990
833.307 5016
833.045 4822
832.783 5019
832.521 5063
832.259 5011
831.997 4908
831.735 5000
831.473 5097
831.211 5063
830.949 4942
830.687 4952
830.425 5080
830.163 5069
829.901 5012
829.639 5064
829.377 5037
829.115 5083
828.853 5065
828.591 5069
828.329 4926
828.067 5147
827.805 5035
827.543 5000
827.281 5060
827.019 4932
826.757 5137
826.495 5021
826.233 5070
825.971 5081
825.709 5090
825.447 4988
825.185 5068
824.923 5156
824.661 5113
824.399 5002
824.137 5085
823.875 5143
823.613 5045
823.351 5140
823.089 5079
822.827 5086
822.565 4910
822.304 5126
822.042 5069
821.78 5141
821.518 4989
821.256 5176
820.994 5110
820.732 5063
820.47 5054
820.208 5039
819.946 5079
819.684 5147
819.422 5101
819.16 5123
818.898 5082
818.636 4991
818.374 5085
818.112 4993
817.85 5058
817.588 5148
817.326 5180
817.064 5137
816.802 5218
816.54 5075
816.278 5196
816.016 5084
815.754 5120
815.492 5098
815.23 5193
814.968 5202
814.706 5203
814.444 5178
814.182 5265
813.92 4967
813.658 5268
813.396 5156
813.134 5055
812.872 5084
812.61 5112
812.348 5054
812.086 5252
811.824 5152
811.562 5171
811.3 5165
811.038 5193
810.776 5169
810.515 5169
810.253 5156
809.991 5045
809.729 5399
809.467 5251
809.205 5170
808.943 5168
808.681 5105
808.419 5315
808.157 5159
807.895 5101
807.633 5213
807.371 5326
807.109 5232
806.847 5219
806.585 5198
806.323 5249
806.061 5268
805.799 5269
805.537 5178
805.275 5253
805.013 5263
804.751 5225
804.489 5146
804.227 5255
803.965 5273
803.703 5299
803.441 5138
803.179 5253
802.917 5128
802.655 5180
802.393 5332
802.131 5304
801.869 5296
801.607 5400
801.345 5359
801.083 5251
800.821 5362
800.559 5286
800.297 5261
800.035 5396
799.773 5342
799.511 5327
799.249 5232
798.987 5161
798.726 5119
798.464 5407
798.202 5261
797.94 5216
797.678 5298
797.416 5242
797.154 5341
796.892 5292
796.63 5278
796.368 5229
796.106 5274
795.844 5269
795.582 5177
795.32 5178
795.058 5317
794.796 5263
794.534 5200
794.272 5242
794.01 5284
793.748 5259
793.486 5360
793.224 5187
792.962 5246
792.7 5353
792.438 5313
792.176 5367
791.914 5213
791.652 5149
791.39 5398
791.128 5361
790.866 5346
790.604 5350
790.342 5315
790.08 5328
789.818 5544
789.556 5324
789.294 5304
789.032 5356
788.77 5392
788.508 5477
788.246 5333
787.984 5343
787.722 5454
787.46 5336
787.198 5263
786.937 5316
786.675 5332
786.413 5384
786.151 5270
785.889 5317
785.627 5470
785.365 5406
785.103 5320
784.841 5333
784.579 5255
784.317 5411
784.055 5505
783.793 5311
783.531 5362
783.269 5258
783.007 5384
782.745 5364
782.483 5316
782.221 5323
781.959 5261
781.697 5495
781.435 5335
781.173 5385
780.911 5367
780.649 5415
780.387 5344
780.125 5320
779.863 5314
779.601 5448
779.339 5265
779.077 5313
778.815 5397
778.553 5605
778.291 5394
778.029 5398
777.767 5501
777.505 5426
777.243 5445
776.981 5480
776.719 5293
776.457 5429
776.195 5393
775.933 5520
775.671 5490
775.409 5371
775.148 5474
774.886 5413
774.624 5495
774.362 5463
774.1 5450
773.838 5346
773.576 5500
773.314 5413
773.052 5516
772.79 5403
772.528 5467
772.266 5602
772.004 5406
771.742 5457
771.48 5370
771.218 5540
770.956 5518
770.694 5373
770.432 5488
770.17 5443
769.908 5531
769.646 5589
769.384 5445
769.122 5480
768.86 5491
768.598 5429
768.336 5432
768.074 5580
767.812 5526
767.55 5449
767.288 5455
767.026 5449
766.764 5519
766.502 5445
766.24 5486
765.978 5546
765.716 5628
765.454 5405
765.192 5547
764.93 5546
764.668 5454
764.406 5556
764.144 5431
763.882 5520
763.62 5539
763.359 5510
763.097 5433
762.835 5561
762.573 5423
762.311 5495
762.049 5680
761.787 5459
761.525 5499
761.263 5595
761.001 5563
760.739 5506
760.477 5520
760.215 5538
759.953 5565
759.691 5520
759.429 5605
759.167 5663
758.905 5615
758.643 5579
758.381 5622
758.119 5668
757.857 5492
757.595 5574
757.333 5442
757.071 5770
756.809 5747
756.547 5555
756.285 5588
756.023 5576
755.761 5632
755.499 5678
755.237 5613
754.975 5525
754.713 5607
754.451 5611
754.189 5608
753.927 5560
753.665 5578
753.403 5766
753.141 5687
752.879 5744
752.617 5734
752.355 5621
752.093 5615
751.831 5600
751.57 5666
751.308 5703
751.046 5604
750.784 5725
750.522 5659
750.26 5813
749.998 5733
749.736 5647
749.474 5677
749.212 5636
748.95 5759
748.688 5592
748.426 5558
748.164 5786
747.902 5701
747.64 5566
747.378 5764
747.116 5703
746.854 5622
746.592 5765
746.33 5686
746.068 5841
745.806 5718
745.544 5710
745.282 5666
745.02 5862
744.758 5542
744.496 5793
744.234 5634
743.972 5704
743.71 5785
743.448 5770
743.186 5818
742.924 5795
742.662 5700
742.4 5867
742.138 5756
741.876 5795
741.614 5765
741.352 5715
741.09 5779
740.828 5722
740.566 5757
740.304 5661
740.042 5661
739.781 5762
739.519 5872
739.257 5710
738.995 5822
738.733 5781
738.471 5857
738.209 5786
737.947 5814
737.685 5892
737.423 5771
737.161 5854
736.899 5733
736.637 5870
736.375 5758
736.113 5721
735.851 5742
735.589 5907
735.327 5844
735.065 5835
734.803 5754
734.541 5881
734.279 5798
734.017 5644
733.755 5815
733.493 5740
733.231 5665
732.969 5727
732.707 5776
732.445 5672
732.183 5904
731.921 5830
731.659 5663
731.397 5857
731.135 5723
730.873 5793
730.611 5790
730.349 5779
730.087 5950
729.825 5843
729.563 5873
729.301 5692
729.039 5880
728.777 5888
728.515 5769
728.253 5851
727.992 5874
727.73 5899
727.468 5864
727.206 5873
726.944 5912
726.682 6006
726.42 5983
726.158 5895
725.896 6014
725.634 5795
725.372 5907
725.11 5998
724.848 5979
724.586 6003
724.324 6007
724.062 6069
723.8 6024
723.538 6112
723.276 6089
723.014 5979
722.752 5940
722.49 6150
722.228 6037
721.966 6031
721.704 6035
721.442 6076
721.18 6047
720.918 6145
720.656 6157
720.394 5999
720.132 6146
719.87 6148
719.608 6199
719.346 6104
719.084 6212
718.822 6064
718.56 6368
718.298 6245
718.036 6285
717.774 6135
717.512 6110
717.25 6286
716.988 6099
716.726 6184
716.464 6048
716.203 6169
715.941 6118
715.679 5991
715.417 6048
715.155 6110
714.893 5973
714.631 6006
714.369 6156
714.107 6015
713.845 5893
713.583 6080
713.321 5896
713.059 5888
712.797 5997
712.535 5908
712.273 5665
712.011 5900
711.749 5924
711.487 6053
711.225 5947
710.963 5928
710.701 5893
710.439 5973
710.177 5770
709.915 5845
709.653 5911
709.391 5820
709.129 5850
708.867 5762
708.605 5944
708.343 5789
708.081 5914
707.819 5914
707.557 5854
707.295 5943
707.033 5821
706.771 5950
706.509 5867
706.247 5913
705.985 5827
705.723 5834
705.461 5818
705.199 5867
704.937 5819
704.675 5953
704.414 5891
704.152 5857
703.89 5946
703.628 5972
703.366 5810
703.104 5841
702.842 5920
702.58 5867
702.318 6019
702.056 6022
701.794 5772
701.532 5893
701.27 5936
701.008 5898
700.746 5875
700.484 5909
700.222 5863
699.96 5738
699.698 5907
699.436 5921
699.174 5858
698.912 5831
698.65 5962
698.388 5810
698.126 5842
697.864 5995
697.602 5885
697.34 5944
697.078 5962
696.816 5911
696.554 5899
696.292 5934
696.03 5785
695.768 6107
695.506 5933
695.244 6078
694.982 5990
694.72 5971
694.458 5861
694.196 6041
693.934 5891
693.672 5941
693.41 6056
693.148 5905
692.886 5902
692.624 6015
692.363 5902
692.101 5758
691.839 5893
691.577 5924
691.315 5858
691.053 5967
690.791 5870
690.529 5867
690.267 5913
690.005 5969
689.743 5856
689.481 5997
689.219 6054
688.957 5879
688.695 5990
688.433 5951
688.171 6066
687.909 5866
687.647 5869
687.385 5922
687.123 5895
686.861 6096
686.599 5941
686.337 6005
686.075 5892
685.813 5941
685.551 5917
685.289 6073
685.027 6004
684.765 6059
684.503 6042
684.241 6022
683.979 6099
683.717 6059
683.455 6181
683.193 6018
682.931 6128
682.669 6234
682.407 6169
682.145 6173
681.883 6114
681.621 6435
681.359 6297
681.097 6180
680.835 6328
680.574 6250
680.312 6283
680.05 6275
679.788 6218
679.526 6384
679.264 6330
679.002 6387
678.74 6184
678.478 6169
678.216 6166
677.954 6229
677.692 6080
677.43 6088
677.168 6177
676.906 5952
676.644 6166
676.382 6101
676.12 6055
675.858 6000
675.596 5941
675.334 6082
675.072 5961
674.81 6138
674.548 6139
674.286 6008
674.024 6030
673.762 5981
673.5 5930
673.238 6084
672.976 5854
672.714 6024
672.452 5978
672.19 6049
671.928 5908
671.666 6108
671.404 6073
671.142 6008
670.88 6040
670.618 6053
670.356 5998
670.094 5952
669.832 5909
669.57 6010
669.308 6067
669.046 6141
668.785 6112
668.523 5914
668.261 6098
667.999 6059
667.737 5879
667.475 6048
667.213 6210
666.951 6017
666.689 6035
666.427 6186
666.165 6132
665.903 6095
665.641 6001
665.379 5873
665.117 6026
664.855 6008
664.593 6149
664.331 6122
664.069 6042
663.807 6158
663.545 6066
663.283 6116
663.021 6113
662.759 6093
662.497 6119
662.235 6127
661.973 6147
661.711 5967
661.449 6192
661.187 6143
660.925 6075
660.663 6049
660.401 6059
660.139 6129
659.877 6082
659.615 6061
659.353 6164
659.091 6049
658.829 6106
658.567 6220
658.305 6217
658.043 5954
657.781 6138
657.519 6212
657.257 6191
656.996 6307
656.734 6097
656.472 6095
656.21 6240
655.948 6160
655.686 6016
655.424 6267
655.162 6198
654.9 6252
654.638 6226
654.376 6251
654.114 6072
653.852 6214
653.59 6069
653.328 6236
653.066 6015
652.804 6136
652.542 6025
652.28 6218
652.018 6282
651.756 6098
651.494 6201
651.232 6199
650.97 6249
650.708 6265
650.446 6173
650.184 6292
649.922 6115
649.66 6258
649.398 6118
649.136 6211
648.874 6168
648.612 6366
648.35 6283
648.088 6297
647.826 6298
647.564 6279
647.302 6221
647.04 6204
646.778 6169
646.516 6212
646.254 6150
645.992 6317
645.73 6397
645.468 6200
645.207 6270
644.945 6228
644.683 6187
644.421 6283
644.159 6305
643.897 6303
643.635 6331
643.373 6234
643.111 6147
642.849 6217
642.587 6398
642.325 6435
642.063 6362
641.801 6280
641.539 6215
641.277 6267
641.015 6380
640.753 6172
640.491 6436
640.229 6296
639.967 6448
639.705 6375
639.443 6379
639.181 6325
638.919 6319
638.657 6359
638.395 6334
638.133 6388
637.871 6288
637.609 6434
637.347 6390
637.085 6449
636.823 6360
636.561 6431
636.299 6477
636.037 6400
635.775 6402
635.513 6243
635.251 6518
634.989 6365
634.727 6352
634.465 6373
634.203 6439
633.941 6557
633.679 6469
633.418 6397
633.156 6435
632.894 6349
632.632 6497
632.37 6507
632.108 6380
631.846 6423
631.584 6528
631.322 6378
631.06 6675
630.798 6517
630.536 6573
630.274 6591
630.012 6416
629.75 6390
629.488 6435
629.226 6603
628.964 6574
628.702 6609
628.44 6566
628.178 6566
627.916 6411
627.654 6574
627.392 6537
627.13 6508
626.868 6460
626.606 6661
626.344 6562
626.082 6520
625.82 6448
625.558 6520
625.296 6513
625.034 6647
624.772 6688
624.51 6495
624.248 6548
623.986 6582
623.724 6704
623.462 6603
623.2 6544
622.938 6544
622.676 6571
622.414 6467
622.152 6607
621.89 6707
621.629 6616
621.367 6596
621.105 6395
620.843 6616
620.581 6512
620.319 6532
620.057 6518
619.795 6511
619.533 6722
619.271 6419
619.009 6518
618.747 6642
618.485 6626
618.223 6587
617.961 6561
617.699 6458
617.437 6432
617.175 6468
616.913 6582
616.651 6447
616.389 6533
616.127 6450
615.865 6419
615.603 6633
615.341 6423
615.079 6420
614.817 6505
614.555 6290
614.293 6673
614.031 6498
613.769 6527
613.507 6506
613.245 6503
612.983 6497
612.721 6691
612.459 6405
612.197 6599
611.935 6667
611.673 6652
611.411 6397
611.149 6541
610.887 6696
610.625 6471
610.363 6558
610.101 6588
609.84 6676
609.578 6743
609.316 6675
609.054 6782
608.792 6741
608.53 6673
608.268 6718
608.006 6770
607.744 6819
607.482 6748
607.22 6878
606.958 6852
606.696 7137
606.434 7072
606.172 7197
605.91 7478
605.648 7553
605.386 7730
605.124 7888
604.862 7841
604.6 8115
604.338 8353
604.076 8263
603.814 8243
603.552 8432
603.29 8321
603.028 8172
602.766 7829
602.504 7718
602.242 7654
601.98 7257
601.718 7289
601.456 7230
601.194 6872
600.932 6943
600.67 6779
600.408 6809
600.146 6766
599.884 6710
599.622 6692
599.36 6585
599.098 6659
598.836 6536
598.574 6529
598.312 6534
598.051 6600
597.789 6682
597.527 6492
597.265 6427
597.003 6650
596.741 6585
596.479 6603
596.217 6401
595.955 6567
595.693 6421
595.431 6540
595.169 6429
594.907 6351
594.645 6417
594.383 6486
594.121 6479
593.859 6453
593.597 6595
593.335 6391
593.073 6432
592.811 6458
592.549 6371
592.287 6424
592.025 6311
591.763 6515
591.501 6466
591.239 6476
590.977 6327
590.715 6417
590.453 6452
590.191 6542
589.929 6292
589.667 6303
589.405 6402
589.143 6532
588.881 6282
588.619 6384
588.357 6327
588.095 6250
587.833 6460
587.571 6257
587.309 6323
587.047 6423
586.785 6214
586.523 6386
586.262 6185
586 6320
585.738 6161
585.476 6166
585.214 6209
584.952 6327
584.69 6136
584.428 6300
584.166 6076
583.904 6133
583.642 6147
583.38 6036
583.118 6140
582.856 6238
582.594 6298
582.332 6195
582.07 5993
581.808 6352
581.546 6202
581.284 6300
581.022 6137
580.76 6127
580.498 6312
580.236 6219
579.974 6210
579.712 6279
579.45 6334
579.188 6209
578.926 6317
578.664 6415
578.402 6476
578.14 6522
577.878 6562
577.616 6551
577.354 6503
577.092 6693
576.83 6830
576.568 6927
576.306 6999
576.044 7194
575.782 7294
575.52 7411
575.258 7598
574.996 7931
574.734 8423
574.473 8539
574.211 8785
573.949 9087
573.687 9260
573.425 9627
573.163 9483
572.901 9670
572.639 9707
572.377 9450
572.115 9063
571.853 8678
571.591 8222
571.329 7758
571.067 7435
570.805 7199
570.543 7012
570.281 6589
570.019 6553
569.757 6496
569.495 6244
569.233 6253
568.971 6265
568.709 6178
568.447 6081
568.185 5896
567.923 5876
567.661 5846
567.399 5772
567.137 5962
566.875 5635
566.613 5579
566.351 5785
566.089 5755
565.827 5693
565.565 5617
565.303 5739
565.041 5715
564.779 5628
564.517 5631
564.255 5567
563.993 5630
563.731 5674
563.469 5582
563.207 5621
562.945 5700
562.684 5690
562.422 5522
562.16 5510
561.898 5604
561.636 5619
561.374 5609
561.112 5540
560.85 5710
560.588 5632
560.326 5670
560.064 5617
559.802 5635
559.54 5636
559.278 5674
559.016 5683
558.754 5572
558.492 5727
558.23 5696
557.968 5619
557.706 5580
557.444 5556
557.182 5812
556.92 5667
556.658 5589
556.396 5698
556.134 5649
555.872 5725
555.61 5697
555.348 5636
555.086 5665
554.824 5789
554.562 5689
554.3 5714
554.038 5627
553.776 5889
553.514 5743
553.252 5785
552.99 5691
552.728 5690
552.466 5718
552.204 5626
551.942 5646
551.68 5532
551.418 5583
551.156 5758
550.895 5779
550.633 5673
550.371 5680
550.109 5533
549.847 5608
549.585 5685
549.323 5595
549.061 5736
548.799 5678
548.537 5652
548.275 5786
548.013 5736
547.751 5817
547.489 5662
547.227 5564
546.965 5661
546.703 5781
546.441 5596
546.179 5717
545.917 5697
545.655 5720
545.393 5623
545.131 5691
544.869 5793
544.607 5784
544.345 5708
544.083 5770
543.821 5651
543.559 5742
543.297 5726
543.035 5587
542.773 5780
542.511 5895
542.249 5631
541.987 5903
541.725 5825
541.463 5742
541.201 5885
540.939 5859
540.677 5968
540.415 5786
540.153 5643
539.891 5856
539.629 5785
539.367 5872
539.105 5697
538.844 5857
538.582 5662
538.32 5723
538.058 5774
537.796 5753
537.534 5768
537.272 5792
537.01 5786
536.748 5792
536.486 5746
536.224 5641
535.962 5724
535.7 5711
535.438 5811
535.176 5742
534.914 5893
534.652 5745
534.39 5945
534.128 6029
533.866 6138
533.604 6242
533.342 6498
533.08 6589
532.818 6600
532.556 6935
532.294 7038
532.032 7122
531.77 7346
531.508 7172
531.246 7179
530.984 7323
530.722 7102
530.46 7058
530.198 6831
529.936 6738
529.674 6742
529.412 6472
529.15 6437
528.888 6278
528.626 5956
528.364 5847
528.102 5744
527.84 5613
527.578 5573
527.316 5553
527.055 5663
526.793 5609
526.531 5482
526.269 5542
526.007 5482
525.745 5483
525.483 5509
525.221 5575
524.959 5522
524.697 5522
524.435 5434
524.173 5689
523.911 5514
523.649 5493
523.387 5587
523.125 5590
522.863 5607
522.601 5623
522.339 5560
522.077 5494
521.815 5524
521.553 5531
521.291 5534
521.029 5749
520.767 5743
520.505 5719
520.243 5557
519.981 5700
519.719 5650
519.457 5760
519.195 5652
518.933 5521
518.671 5791
518.409 5840
518.147 5546
517.885 5670
517.623 5800
517.361 5761
517.099 5593
516.837 5690
516.575 5645
516.313 5687
516.051 5668
515.789 5429
515.527 5650
515.266 5631
515.004 5574
514.742 5606
514.48 5569
514.218 5522
513.956 5620
513.694 5683
513.432 5646
513.17 5579
512.908 5679
512.646 5599
512.384 5660
512.122 5553
511.86 5509
511.598 5695
511.336 5640
511.074 5573
510.812 5572
510.55 5653
510.288 5532
510.026 5664
509.764 5665
509.502 5642
509.24 5650
508.978 5727
508.716 5613
508.454 5698
508.192 5575
507.93 5614
507.668 5780
507.406 5707
507.144 5682
506.882 5760
506.62 5826
506.358 5593
506.096 5740
505.834 5588
505.572 5789
505.31 5625
505.048 5662
504.786 5723
504.524 5685
504.262 5763
504 5627
503.738 5665
503.477 5748
503.215 5725
502.953 5702
502.691 5754
502.429 5714
502.167 5840
501.905 5675
501.643 5766
501.381 5794
501.119 5671
500.857 5676
500.595 5690
500.333 5832
500.071 5750
499.809 5750
499.547 5756
499.285 5794
499.023 5804
498.761 5864
498.499 5699
498.237 5812
497.975 5750
497.713 5645
497.451 5842
497.189 5853
496.927 5740
496.665 5816
496.403 5854
496.141 5902
495.879 5817
495.617 5745
495.355 5889
495.093 5844
494.831 5721
494.569 5890
494.307 5884
494.045 5907
493.783 5801
493.521 5737
493.259 5786
492.997 5911
492.735 5865
492.473 5939
492.211 5985
491.949 5924
491.688 6063
491.426 5835
491.164 5891
490.902 5811
490.64 5879
490.378 5870
490.116 6020
489.854 5844
489.592 5910
489.33 5938
489.068 5818
488.806 6038
488.544 5915
488.282 5927
488.02 5929
487.758 5982
487.496 5970
487.234 5915
486.972 5941
486.71 5908
486.448 6002
486.186 5922
485.924 5903
485.662 5900
485.4 5981
485.138 5971
484.876 5963
484.614 6036
484.352 5909
484.09 5910
483.828 5959
483.566 5879
483.304 5966
483.042 5917
482.78 5918
482.518 5885
482.256 6007
481.994 5935
481.732 5847
481.47 5860
481.208 5928
480.946 5904
480.684 6042
480.422 6041
480.16 5892
479.899 5908
479.637 5976
479.375 5907
479.113 5931
478.851 5869
478.589 5990
478.327 6123
478.065 5866
477.803 5900
477.541 5924
477.279 5981
477.017 5995
476.755 5919
476.493 5882
476.231 6014
475.969 6018
475.707 5756
475.445 6081
475.183 5987
474.921 5877
474.659 5960
474.397 5952
474.135 6014
473.873 5941
473.611 5957
473.349 5929
473.087 5999
472.825 5947
472.563 6169
472.301 6055
472.039 6044
471.777 6091
471.515 6262
471.253 6171
470.991 5897
470.729 6002
470.467 6151
470.205 6081
469.943 6065
469.681 6132
469.419 6118
469.157 6158
468.895 6313
468.633 6287
468.371 6397
468.11 6432
467.848 6263
467.586 6603
467.324 6442
467.062 6607
466.8 6670
466.538 6687
466.276 6706
466.014 6836
465.752 6831
465.49 6706
465.228 6780
464.966 6783
464.704 6687
464.442 6706
464.18 6641
463.918 6564
463.656 6706
463.394 6642
463.132 6388
462.87 6473
462.608 6339
462.346 6246
462.084 6253
461.822 6135
461.56 6067
461.298 6161
461.036 6086
460.774 5948
460.512 5898
460.25 6024
459.988 6034
459.726 5982
459.464 5921
459.202 5951
458.94 5858
458.678 5866
458.416 6007
458.154 6066
457.892 5870
457.63 6050
457.368 5865
457.106 5929
456.844 5917
456.582 5758
456.321 5781
456.059 5823
455.797 5762
455.535 5873
455.273 5713
455.011 5939
454.749 5703
454.487 5727
454.225 5750
453.963 5912
453.701 5796
453.439 5787
453.177 5752
452.915 5717
452.653 5820
452.391 5754
452.129 5785
451.867 5758
451.605 5811
451.343 5720
451.081 5762
450.819 5776
450.557 5747
450.295 5609
450.033 5740
449.771 5800
449.509 5767
449.247 5780
448.985 5905
448.723 5809
448.461 5780
448.199 5920
447.937 5869
447.675 5820
447.413 5878
447.151 5961
446.889 5745
446.627 5911
446.365 5824
446.103 6007
445.841 5979
445.579 5983
445.317 6090
445.055 6273
444.793 6137
444.532 6241
444.27 6496
444.008 6546
443.746 6528
443.484 6505
443.222 6669
442.96 6688
442.698 6781
442.436 6996
442.174 7039
441.912 6925
441.65 7062
441.388 6991
441.126 6809
440.864 7064
440.602 6956
440.34 6746
440.078 6726
439.816 6456
439.554 6426
439.292 6236
439.03 6087
438.768 6205
438.506 6050
438.244 5930
437.982 5828
437.72 5924
437.458 5834
437.196 5862
436.934 5811
436.672 5847
436.41 5829
436.148 5558
435.886 5652
435.624 5766
435.362 5656
435.1 5607
434.838 5491
434.576 5579
434.314 5568
434.052 5631
433.79 5543
433.528 5446
433.266 5444
433.004 5597
432.743 5489
432.481 5465
432.219 5560
431.957 5435
431.695 5398
431.433 5464
431.171 5437
430.909 5655
430.647 5626
430.385 5493
430.123 5653
429.861 5465
429.599 5613
429.337 5451
429.075 5535
428.813 5556
428.551 5487
428.289 5621
428.027 5553
427.765 5400
427.503 5527
427.241 5496
426.979 5508
426.717 5494
426.455 5531
426.193 5501
425.931 5580
425.669 5606
425.407 5402
425.145 5606
424.883 5534
424.621 5515
424.359 5679
424.097 5467
423.835 5696
423.573 5676
423.311 5720
423.049 5582
422.787 5563
422.525 5615
422.263 5638
422.001 5438
421.739 5659
421.477 5634
421.215 5472
420.954 5659
420.692 5573
420.43 5746
420.168 5706
419.906 5641
419.644 5557
419.382 5682
419.12 5623
418.858 5514
418.596 5666
418.334 5614
418.072 5680
417.81 5649
417.548 5685
417.286 5579
417.024 5744
416.762 5577
416.5 5515
416.238 5571
415.976 5555
415.714 5629
415.452 5679
415.19 5690
414.928 5543
414.666 5584
414.404 5628
414.142 5687
413.88 5651
413.618 5628
413.356 5646
413.094 5578
412.832 5656
412.57 5677
412.308 5636
412.046 5605
411.784 5623
411.522 5589
411.26 5683
410.998 5586
410.736 5711
410.474 5660
410.212 5720
409.95 5432
409.688 5672
409.426 5603
409.165 5718
408.903 5729
408.641 5722
408.379 5791
408.117 5776
407.855 5810
407.593 5821
407.331 5764
407.069 5883
406.807 5779
406.545 5890
406.283 5783
406.021 5752
405.759 5824
405.497 5827
405.235 5767
404.973 5672
404.711 5820
404.449 5782
404.187 5879
403.925 5778
403.663 5829
403.401 5711
403.139 5833
402.877 5950
402.615 5855
402.353 6007
402.091 5962
401.829 5971
401.567 5873
401.305 5874
401.043 5903
400.781 6080
400.519 6009
400.257 5996
399.995 6012
399.733 6174
399.471 5981
399.209 6046
398.947 6166
398.685 6135
398.423 6036
398.161 6079
397.899 6120
397.637 6120
397.376 6176
397.114 6198
396.852 6179
396.59 6055
396.328 6160
396.066 6255
395.804 6165
395.542 6137
395.28 6096
395.018 6234
394.756 6100
394.494 6076
394.232 6183
393.97 6302
393.708 6211
393.446 6303
393.184 6263
392.922 6110
392.66 6203
392.398 6310
392.136 6275
391.874 6199
391.612 6044
391.35 6130
391.088 6145
390.826 6005
390.564 6076
390.302 5983
390.04 6065
389.778 6045
389.516 5935
389.254 6004
388.992 5845
388.73 6013
388.468 5861
388.206 5889
387.944 5951
387.682 5863
387.42 5734
387.158 5776
386.896 5786
386.634 5903
386.372 5769
386.11 5742
385.848 5558
385.586 5633
385.325 5536
385.063 5478
384.801 5437
384.539 5406
384.277 5428
384.015 5358
383.753 5278
383.491 5311
383.229 5261
382.967 5400
382.705 5254
382.443 5203
382.181 5324
381.919 5320
381.657 5225
381.395 4882
381.133 5107
380.871 5185
380.609 5064
380.347 5043
380.085 5000
379.823 5007
379.561 5031
379.299 4987
379.037 4985
378.775 5131
378.513 5089
378.251 5285
377.989 5277
377.727 5292
377.465 5395
377.203 5323
376.941 5673
376.679 5747
376.417 6147
376.155 6610
375.893 7203
375.631 7766
375.369 8684
375.107 9868
374.845 11397
374.583 13220
374.321 15008
374.059 15959
373.797 15228
373.536 13338
373.274 10309
373.012 8058
372.75 6244
372.488 5592
372.226 5196
371.964 5120
371.702 5002
371.44 5017
371.178 5082
370.916 5273
370.654 5589
370.392 5965
370.13 6690
369.868 7460
369.606 8728
369.344 10057
369.082 11601
368.82 13836
368.558 16702
368.296 19277
368.034 20525
367.772 18737
367.51 15683
367.248 11712
366.986 8000
366.724 5592
366.462 4424
366.2 3718
365.938 3400
365.676 3144
365.414 3013
365.152 3007
364.89 2897
364.628 2759
364.366 2749
364.104 2753
363.842 2808
363.58 2669
363.318 2647
363.056 2755
362.794 2605
362.532 2607
362.27 2643
362.008 2572
361.747 2539
361.485 2574
361.223 2641
360.961 2596
360.699 2582
360.437 2553
360.175 2554
359.913 2531
359.651 2563
359.389 2622
359.127 2523
358.865 2480
358.603 2483
358.341 2468
358.079 2617
357.817 2568
357.555 2457
357.293 2626
357.031 2527
356.769 2582
356.507 2610
356.245 2541
355.983 2537
355.721 2566
355.459 2591
355.197 2645
354.935 2689
354.673 2582
354.411 2627
354.149 2522
353.887 2569
353.625 2639
353.363 2676
353.101 2539
352.839 2590
352.577 2659
352.315 2759
352.053 2575
351.791 2626
351.529 2689
351.267 2524
351.005 2592
350.743 2576
350.481 2550
350.219 2741
349.958 2599
349.696 2633
349.434 2610
349.172 2637
348.91 2584
348.648 2625
348.386 2698
348.124 2620
347.862 2605
347.6 2728
347.338 2600
347.076 2566
346.814 2664
346.552 2644
346.29 2750
346.028 2667
345.766 2581
345.504 2629
345.242 2609
344.98 2649
344.718 2664
344.456 2650
344.194 2642
343.932 2637
343.67 2615
343.408 2642
343.146 2617
342.884 2564
342.622 2594
342.36 2584
342.098 2601
341.836 2703
341.574 2642
341.312 2627
341.05 2570
340.788 2682
340.526 2688
340.264 2591
340.002 2675
339.74 2585
339.478 2649
339.216 2643
338.954 2557
338.692 2657
338.43 2575
338.169 2672
337.907 2519
337.645 2697
337.383 2553
337.121 2691
336.859 2745
336.597 2687
336.335 2590
336.073 2650
335.811 2663
335.549 2758
335.287 2613
335.025 2646
334.763 2688
334.501 2798
334.239 2692
333.977 2705
333.715 2760
333.453 2782
333.191 2826
332.929 2696
332.667 2810
332.405 2774
332.143 2860
331.881 2774
331.619 2860
331.357 2829
331.095 2675
330.833 2757
330.571 2738
330.309 2698
330.047 2698
329.785 2630
329.523 2755
329.261 2714
328.999 2608
328.737 2740
328.475 2668
328.213 2710
327.951 2644
327.689 2647
327.427 2641
327.165 2621
326.903 2579
326.641 2700
326.38 2595
326.118 2690
325.856 2615
325.594 2579
325.332 2553
325.07 2604
324.808 2526
324.546 2500
324.284 2613
324.022 2575
323.76 2561
323.498 2530
323.236 2553
322.974 2583
322.712 2573
322.45 2558
322.188 2611
321.926 2553
321.664 2572
321.402 2574
321.14 2624
320.878 2711
320.616 2656
320.354 2591
320.092 2542
319.83 2559
319.568 2541
319.306 2641
319.044 2667
318.782 2625
318.52 2639
318.258 2685
317.996 2738
317.734 2736
317.472 2750
317.21 2650
316.948 2659
316.686 2709
316.424 2666
316.162 2770
315.9 2963
315.638 2816
315.376 2849
315.114 2838
314.852 2813
314.591 2916
314.329 2891
314.067 2921
313.805 2829
313.543 2839
313.281 2795
313.019 2768
312.757 2726
312.495 2720
312.233 2687
311.971 2693
311.709 2716
311.447 2653
311.185 2695
310.923 2591
310.661 2640
310.399 2675
310.137 2535
309.875 2560
309.613 2637
309.351 2493
309.089 2504
308.827 2595
308.565 2535
308.303 2598
308.041 2566
307.779 2571
307.517 2616
307.255 2522
306.993 2571
306.731 2527
306.469 2583
306.207 2561
305.945 2514
305.683 2571
305.421 2537
305.159 2585
304.897 2536
304.635 2607
304.373 2497
304.111 2646
303.849 2628
303.587 2552
303.325 2546
303.063 2679
302.802 2565
302.54 2625
302.278 2575
302.016 2571
301.754 2528
301.492 2546
301.23 2628
300.968 2599
300.706 2530
300.444 2577
300.182 2513
299.92 2560
299.658 2570
299.396 2572
299.134 2532
298.872 2596
298.61 2507
298.348 2379
298.086 2468
297.824 2531
297.562 2586
297.3 2513
297.038 2540
296.776 2535
296.514 2551
296.252 2386
295.99 2584
295.728 2511
295.466 2450
295.204 2485
294.942 2578
294.68 2566
294.418 2490
294.156 2481
293.894 2506
293.632 2523
293.37 2572
293.108 2459
292.846 2586
292.584 2487
292.322 2586
292.06 2531
291.798 2576
291.536 2566
291.274 2550
291.013 2473
290.751 2567
290.489 2559
290.227 2580
289.965 2515
289.703 2580
289.441 2660
289.179 2629
288.917 2691
288.655 2783
288.393 2742
288.131 2781
287.869 2898
287.607 2856
287.345 3006
287.083 2982
286.821 3129
286.559 3239
286.297 3296
286.035 3612
285.773 3655
285.511 3824
285.249 4086
284.987 4438
284.725 4581
284.463 4602
284.201 4548
283.939 4191
283.677 3845
283.415 3352
283.153 2988
282.891 2758
282.629 2650
282.367 2625
282.105 2459
281.843 2510
281.581 2486
281.319 2498
281.057 2477
280.795 2522
280.533 2498
280.271 2468
280.009 2470
279.747 2482
279.485 2480
279.224 2492
278.962 2447
278.7 2423
278.438 2552
278.176 2425
277.914 2467
277.652 2415
277.39 2494
277.128 2428
276.866 2394
276.604 2457
276.342 2483
276.08 2533
275.818 2360
275.556 2521
275.294 2494
275.032 2396
274.77 2512
274.508 2501
274.246 2462
273.984 2513
273.722 2470
273.46 2501
273.198 2543
272.936 2482
272.674 2503
272.412 2461
272.15 2454
271.888 2564
271.626 2549
271.364 2559
271.102 2560
270.84 2405
270.578 2455
270.316 2466
270.054 2465
269.792 2440
269.53 2516
269.268 2463
269.006 2492
268.744 2508
268.482 2474
268.22 2447
267.958 2511
267.696 2532
267.435 2442
267.173 2447
266.911 2516
266.649 2515
266.387 2577
266.125 2427
265.863 2548
265.601 2507
265.339 2468
265.077 2522
264.815 2585
264.553 2552
264.291 2513
264.029 2492
263.767 2573
263.505 2645
263.243 2517
262.981 2565
262.719 2573
262.457 2491
262.195 2499
261.933 2425
261.671 2612
261.409 2499
261.147 2509
260.885 2586
260.623 2519
260.361 2521
260.099 2531
259.837 2475
259.575 2451
259.313 2610
259.051 2533
258.789 2464
258.527 2509
258.265 2550
258.003 2637
257.741 2446
257.479 2600
257.217 2581
256.955 2600
256.693 2548
256.431 2587
256.169 2531
255.907 2463
255.646 2570
255.384 2519
255.122 2588
254.86 2600
254.598 2550
254.336 2572
254.074 2595
253.812 2526
253.55 2585
253.288 2656
253.026 2537
252.764 2536
252.502 2514
252.24 2553
251.978 2618
251.716 2587
251.454 2551
251.192 2585
250.93 2601
250.668 2644
250.406 2570
250.144 2642
249.882 2617
249.62 2563
249.358 2650
249.096 2582
248.834 2569
248.572 2683
248.31 2617
248.048 2566
247.786 2613
247.524 2611
247.262 2557
247 2645
246.738 2622
246.476 2563
246.214 2599
245.952 2613
245.69 2631
245.428 2561
245.166 2498
244.904 2608
244.642 2657
244.38 2701
244.118 2507
243.857 2695
243.595 2576
243.333 2529
243.071 2602
242.809 2645
242.547 2638
242.285 2662
242.023 2649
241.761 2673
241.499 2642
241.237 2580
240.975 2583
240.713 2634
240.451 2571
240.189 2695
239.927 2658
239.665 2618
239.403 2764
239.141 2671
238.879 2621
238.617 2677
238.355 2716
238.093 2625
237.831 2699
237.569 2721
237.307 2572
237.045 2644
236.783 2628
236.521 2700
236.259 2654
235.997 2706
235.735 2610
235.473 2651
235.211 2693
234.949 2698
234.687 2651
234.425 2679
234.163 2705
233.901 2635
233.639 2679
233.377 2751
233.115 2664
232.853 2638
232.591 2805
232.329 2664
232.068 2679
231.806 2709
231.544 2823
231.282 2573
231.02 2663
230.758 2688
230.496 2649
230.234 2673
229.972 2647
229.71 2710
229.448 2617
229.186 2783
228.924 2695
228.662 2691
228.4 2678
228.138 2750
227.876 2665
227.614 2811
227.352 2761
227.09 2704
226.828 2699
226.566 2750
226.304 2741
226.042 2766
225.78 2809
225.518 2760
225.256 2752
224.994 2812
224.732 2732
224.47 2763
224.208 2830
223.946 2789
223.684 2802
223.422 2694
223.16 2782
222.898 2759
222.636 2756
222.374 2737
222.112 2733
221.85 2767
221.588 2765
221.326 2716
221.064 2701
220.802 2799
220.54 2715
220.278 2841
220.017 2782
219.755 2721
219.493 2782
219.231 2731
218.969 2732
218.707 2713
218.445 2768
218.183 2717
217.921 2782
217.659 2846
217.397 2892
217.135 2700
216.873 2799
216.611 2712
216.349 2715
216.087 2799
215.825 2810
215.563 2800
215.301 2789
215.039 2800
214.777 2784
214.515 2852
214.253 2897
213.991 2725
213.729 2748
213.467 2715
213.205 2838
212.943 2809
212.681 2878
212.419 2769
212.157 2770
211.895 2816
211.633 2829
211.371 2840
211.109 2835
210.847 2809
210.585 2797
210.323 2824
210.061 2790
209.799 2824
209.537 2908
209.275 2802
209.013 2899
208.751 2805
208.489 2862
208.228 2798
207.966 2816
207.704 2856
207.442 2730
207.18 2695
206.918 2793
206.656 2824
206.394 2799
206.132 2805
205.87 2807
205.608 2921
205.346 2843
205.084 2821
204.822 2765
204.56 2692
204.298 2788
204.036 2829
203.774 2734
203.512 2851
203.25 2766
202.988 2819
202.726 2760
202.464 2882
202.202 2869
201.94 2823
201.678 2869
201.416 2723
201.154 2816
200.892 2806
200.63 2927
200.368 2900
200.106 2948
199.844 2878
199.582 2836
199.32 2926
199.058 2890
198.796 2865
198.534 2865
198.272 2822
198.01 2929
197.748 2904
197.486 2875
197.224 2980
196.962 2837
196.7 2772
196.439 2891
196.177 2948
195.915 2843
195.653 2890
195.391 2880
195.129 2964
194.867 2893
194.605 2921
194.343 2889
194.081 2972
193.819 2884
193.557 2930
193.295 3037
193.033 3023
192.771 2953
192.509 2941
192.247 2919
191.985 2966
191.723 2992
191.461 3008
191.199 2951
190.937 3025
190.675 2982
190.413 2973
190.151 3044
189.889 3008
189.627 2979
189.365 3046
189.103 3033
188.841 3061
188.579 3094
188.317 2912
188.055 3121
187.793 3112
187.531 3096
187.269 3093
187.007 3050
186.745 3080
186.483 3123
186.221 3086
185.959 3102
185.697 3073
185.435 3143
185.173 3095
184.911 3330
184.65 3187
184.388 3161
184.126 3190
183.864 3168
183.602 3154
183.34 3119
183.078 3198
182.816 3201
182.554 3044
182.292 3119
182.03 3160
181.768 3138
181.506 3224
181.244 3193
180.982 3198
180.72 3231
180.458 3187
180.196 3155
179.934 3121
179.672 3075
179.41 3083
179.148 3144
178.886 3076
178.624 3006
178.362 3148
178.1 3004
177.838 3021
177.576 3068
177.314 3039
177.052 2980
176.79 3011
176.528 2940
176.266 2986
176.004 2976
175.742 2930
175.48 2877
175.218 2967
174.956 2988
174.694 2993
174.432 2861
174.17 2889
173.908 2903
173.646 2803
173.384 2872
173.122 2860
172.861 2854
172.599 2796
172.337 2782
172.075 2728
171.813 2757
171.551 2734
171.289 2757
171.027 2706
170.765 2679
170.503 2775
170.241 2695
169.979 2609
169.717 2623
169.455 2613
169.193 2738
168.931 2646
168.669 2576
168.407 2726
168.145 2594
167.883 2663
167.621 2579
167.359 2655
167.097 2659
166.835 2778
166.573 2948
166.311 3084
166.049 3214
165.787 3390
165.525 3734
165.263 3964
165.001 4418
164.739 5002
164.477 5488
164.215 6044
163.953 6123
163.691 5951
163.429 5381
163.167 4804
162.905 4359
162.643 4073
162.381 3849
162.119 3849
161.857 3643
161.595 3496
161.333 3268
161.072 3129
160.81 3292
160.548 3534
160.286 3853
160.024 4160
159.762 4602
159.5 5150
159.238 6122
158.976 6525
158.714 6969
158.452 6886
158.19 6245
157.928 5274
157.666 4593
157.404 4198
157.142 4064
156.88 3904
156.618 3566
156.356 3108
156.094 2646
155.832 2300
155.57 2032
155.308 1987
155.046 1904
154.784 1943
154.522 1817
154.26 1891
153.998 1817
153.736 1849
153.474 1884
153.212 1913
152.95 1855
152.688 1868
152.426 1721
152.164 1794
151.902 1712
151.64 1775
151.378 1733
151.116 1679
150.854 1730
150.592 1637
150.33 1704
150.068 1730
149.806 1636
149.544 1650
149.283 1667
149.021 1734
148.759 1716
148.497 1683
148.235 1741
147.973 1633
147.711 1682
147.449 1707
147.187 1688
146.925 1629
146.663 1709
146.401 1712
146.139 1645
145.877 1669
145.615 1615
145.353 1745
145.091 1747
144.829 1713
144.567 1627
144.305 1720
144.043 1671
143.781 1665
143.519 1707
143.257 1678
142.995 1678
142.733 1748
142.471 1729
142.209 1670
141.947 1673
141.685 1665
141.423 1687
141.161 1714
140.899 1687
140.637 1634
140.375 1798
140.113 1736
139.851 1677
139.589 1685
139.327 1622
139.065 1669
138.803 1712
138.541 1738
138.279 1754
138.017 1736
137.755 1705
137.494 1661
137.232 1713
136.97 1662
136.708 1730
136.446 1708
136.184 1766
135.922 1708
135.66 1673
135.398 1710
135.136 1792
134.874 1736
134.612 1710
134.35 1687
134.088 1723
133.826 1706
133.564 1675
133.302 1744
133.04 1720
132.778 1679
132.516 1783
132.254 1676
131.992 1610
131.73 1664
131.468 1769
131.206 1765
130.944 1736
130.682 1773
130.42 1716
130.158 1729
129.896 1689
129.634 1790
129.372 1665
129.11 1759
128.848 1776
128.586 1742
128.324 1760
128.062 1775
127.8 1726
127.538 1764
127.276 1703
127.014 1694
126.752 1759
126.49 1772
126.228 1682
125.966 1743
125.705 1760
125.443 1794
125.181 1806
124.919 1693
124.657 1870
124.395 1708
124.133 1781
123.871 1783
123.609 1732
123.347 1721
123.085 1685
122.823 1752
122.561 1768
122.299 1762
122.037 1795
121.775 1723
121.513 1817
121.251 1833
120.989 1807
120.727 1779
120.465 1747
120.203 1758
119.941 1791
119.679 1814
119.417 1762
119.155 1786
118.893 1808
118.631 1757
118.369 1756
118.107 1831
117.845 1776
117.583 1723
117.321 1684
117.059 1740
116.797 1732
116.535 1760
116.273 1754
116.011 1844
115.749 1708
115.487 1788
115.225 1673
114.963 1767
114.701 1756
114.439 1822
114.177 1787
113.916 1749
113.654 1715
113.392 1841
113.13 1789
112.868 1739
112.606 1784
112.344 1796
112.082 1805
111.82 1725
111.558 1754
111.296 1781
111.034 1748
110.772 1774
110.51 1682
110.248 1856
109.986 1781
109.724 1757
109.462 1733
109.2 1749
108.938 1738
108.676 1760
108.414 1693
108.152 1685
107.89 1716
107.628 1778
107.366 1754
107.104 1684
106.842 1737
106.58 1767
106.318 1767
106.056 1782
105.794 1789
105.532 1773
105.27 1760
105.008 1868
104.746 1859
104.484 1847
104.222 1807
103.96 1931
103.698 1856
103.436 1815
103.174 1896
102.912 1868
102.65 1917
102.388 1915
102.127 1958
101.865 1923
101.603 1909
101.341 1917
101.079 1933
100.817 1908
100.555 1902
100.293 1928
100.031 1891
99.7687 1893
99.5067 1971
99.2447 1936
98.9828 1967
98.7208 1944
98.4588 1946
98.1968 2006
97.9349 1994
97.6729 2007
97.4109 2103
97.1489 2050
96.8869 2098
96.625 2036
96.363 2022
96.101 2063
95.839 2037
95.5771 2078
95.3151 1984
95.0531 1923
94.7911 2033
94.5291 1975
94.2672 1883
94.0052 1923
93.7432 1882
93.4812 1921
93.2193 1783
92.9573 1823
92.6953 1749
92.4333 1857
92.1713 1757
91.9094 1787
91.6474 1842
91.3854 1709
91.1234 1735
90.8615 1776
90.5995 1688
90.3375 1653
90.0755 1754
89.8135 1689
89.5516 1711
89.2896 1709
89.0276 1693
88.7656 1706
88.5037 1625
88.2417 1654
87.9797 1619
87.7177 1629
87.4557 1624
87.1938 1693
86.9318 1704
86.6698 1540
86.4078 1592
86.1459 1582
85.8839 1628
85.6219 1568
85.3599 1547
85.0979 1600
84.836 1539
84.574 1576
84.312 1547
84.05 1579
83.7881 1622
83.5261 1540
83.2641 1593
83.0021 1525
82.7401 1461
82.4782 1526
82.2162 1533
81.9542 1557
81.6922 1579
81.4303 1455
81.1683 1494
80.9063 1553
80.6443 1515
80.3823 1512
80.1204 1426
79.8584 1584
79.5964 1463
79.3344 1471
79.0725 1502
78.8105 1539
78.5485 1463
78.2865 1500
78.0245 1482
77.7626 1573
77.5006 1480
77.2386 1522
76.9766 1575
76.7147 1495
76.4527 1583
76.1907 1719
75.9287 1722
75.6667 1778
75.4048 1879
75.1428 1918
74.8808 2019
74.6188 2078
74.3569 2163
74.0949 2012
73.8329 1865
73.5709 1744
73.3089 1721
73.047 1723
72.785 1693
72.523 1758
72.261 1885
71.9991 2016
71.7371 2050
71.4751 2213
71.2131 2240
70.9511 2216
70.6892 2072
70.4272 1871
70.1652 1675
69.9032 1529
69.6413 1505
69.3793 1418
69.1173 1419
68.8553 1365
68.5933 1382
68.3314 1424
68.0694 1350
67.8074 1381
67.5454 1374
67.2835 1429
67.0215 1419
66.7595 1398
66.4975 1426
66.2355 1415
65.9736 1502
65.7116 1494
65.4496 1484
65.1876 1544
64.9257 1535
64.6637 1565
64.4017 1479
64.1397 1557
63.8777 1537
63.6158 1499
63.3538 1554
63.0918 1603
62.8298 1570
62.5679 1539
62.3059 1591
62.0439 1616
61.7819 1532
61.5199 1643
61.258 1629
60.996 1534
60.734 1608
60.472 1636
60.2101 1596
59.9481 1670
59.6861 1590
59.4241 1632
59.1621 1655
58.9002 1640
58.6382 1645
58.3762 1592
58.1142 1627
57.8523 1624
57.5903 1614
57.3283 1619
57.0663 1518
56.8043 1559
56.5424 1495
56.2804 1504
56.0184 1499
55.7564 1382
55.4945 1421
55.2325 1400
54.9705 1306
54.7085 1314
54.4465 1277
54.1846 1345
53.9226 1235
53.6606 1153
53.3986 1201
53.1367 1134
52.8747 1101
52.6127 1086
52.3507 1103
52.0887 1078
51.8268 1059
51.5648 1030
51.3028 1052
51.0408 995
50.7789 965
50.5169 991
50.2549 918
49.9929 1003
49.7309 943
49.469 951
49.207 972
48.945 914
48.683 889
48.4211 919
48.1591 917
47.8971 889
47.6351 891
47.3731 889
47.1112 869
46.8492 871
46.5872 897
46.3252 883
46.0633 881
45.8013 881
45.5393 888
45.2773 873
45.0153 834
44.7534 836
44.4914 819
44.2294 854
43.9674 901
43.7055 849
43.4435 880
43.1815 826
42.9195 823
42.6575 820
42.3956 789
42.1336 810
41.8716 860
41.6096 827
41.3477 812
41.0857 823
40.8237 771
40.5617 824
40.2997 808
40.0378 824
39.7758 810
39.5138 796
39.2518 792
38.9899 783
38.7279 835
38.4659 779
38.2039 838
37.9419 752
37.68 783
37.418 788
37.156 727
36.894 784
36.6321 791
36.3701 773
36.1081 808
35.8461 834
35.5841 773
35.3222 760
35.0602 844
34.7982 805
34.5362 750
34.2743 785
34.0123 828
33.7503 787
33.4883 805
33.2263 782
32.9644 790
32.7024 821
32.4404 791
32.1784 818
31.9165 770
31.6545 842
31.3925 822
31.1305 829
30.8685 884
30.6066 949
30.3446 936
30.0826 1019
29.8206 1008
29.5586 1159
29.2967 1130
29.0347 1230
28.7727 1349
28.5107 1377
28.2488 1330
27.9868 1295
27.7248 1235
27.4628 1212
27.2008 1244
26.9389 1342
26.6769 1350
26.4149 1383
26.1529 1502
25.891 1517
25.629 1487
25.367 1481
25.105 1410
24.843 1206
24.5811 1170
24.3191 1130
24.0571 1085
23.7951 1088
23.5332 936
23.2712 884
23.0092 840
22.7472 709
22.4852 676
22.2233 688
21.9613 663
21.6993 679
21.4373 638
21.1754 623
20.9134 691
20.6514 584
20.3894 628
20.1274 630
19.8655 649
19.6035 585
19.3415 591
19.0795 553
18.8176 593
18.5556 581
18.2936 543
18.0316 601
17.7696 551
17.5077 563
17.2457 502
16.9837 506
16.7217 565
16.4598 518
16.1978 539
15.9358 533
15.6738 538
15.4118 509
15.1499 496
14.8879 557
14.6259 523
14.3639 563
14.102 547
13.84 505
13.578 520
13.316 566
13.054 499
12.7921 565
12.5301 532
12.2681 504
12.0061 548
11.7442 510
11.4822 541
11.2202 545
10.9582 521
10.6962 539
10.4343 549
10.1723 523
9.91031 604
9.64834 577
9.38636 667
9.12438 627
8.8624 702
8.60042 814
8.33845 922
8.07647 1015
7.81449 1161
7.55251 1390
7.29054 1680
7.02856 1912
6.76658 2034
6.5046 2225
6.24262 2284
5.98065 2384
5.71867 2478
5.45669 2500
5.19471 2500
4.93274 2548
4.67076 2427
4.40878 2258
4.1468 1934
3.88482 1599
3.62285 1138
3.36087 911
3.09889 605
2.83691 544
2.57494 457
2.31296 426
2.05098 421
1.789 338
1.52702 348
1.26505 338
1.00307 311
0.74109 286
0.479113 234
0.217135 230
-0.044843 205
-0.306821 187
-0.568799 147
-0.830776 116
-1.09275 130
-1.35473 126
-1.61671 118
-1.87869 138
-2.14067 120
-2.40264 119
-2.66462 135
-2.9266 112
-3.18858 115
-3.45055 131
-3.71253 117
-3.97451 121
-4.23649 83
-4.49847 117
-4.76044 96
-5.02242 129
-5.2844 115
-5.54638 107
-5.80835 116
-6.07033 111
-6.33231 87
-6.59429 96
-6.85627 109
-7.11824 112
-7.38022 121
-7.6422 116
-7.90418 107
-8.16616 130
-8.42813 118
-8.69011 120
-8.95209 114
-9.21407 104
-9.47604 110
-9.73802 107
-10 105
