294 9849 9843.4 9821.2 9822.43 9813.38 9826.53 9813.38 9843.4
293.9 9932 9844.23 9821.32 9822.62 9813.34 9826.97 9813.34 -
293.8 9731 9845.1 9821.45 9822.82 9813.3 9827.43 9813.3 -
293.7 9979 9846.01 9821.59 9823.02 9813.26 9827.93 9813.26 -
293.6 9900 9846.97 9821.73 9823.24 9813.22 9828.45 9813.22 -
293.5 9761 9847.98 9821.88 9823.46 9813.18 9829 9813.18 -
293.4 9979 9849.04 9822.03 9823.69 9813.13 9829.59 9813.14 -
293.3 9871 9850.15 9822.18 9823.93 9813.09 9830.22 9813.09 -
293.2 9903 9851.32 9822.34 9824.18 9813.04 9830.88 9813.04 -
293.1 10005 9852.55 9822.51 9824.44 9812.99 9831.59 9812.99 -
293 9787 9853.85 9822.68 9824.71 9812.94 9832.35 9812.95 -
292.9 9821 9855.23 9822.86 9825 9812.89 9833.16 9812.89 -
292.8 9731 9856.68 9823.04 9825.3 9812.84 9834.02 9812.84 -
292.7 9715 9858.22 9823.24 9825.61 9812.78 9834.94 9812.78 -
292.6 9918 9859.85 9823.43 9825.93 9812.73 9835.94 9812.73 -
292.5 9885 9861.58 9823.64 9826.27 9812.67 9837 9812.67 -
292.4 9775 9863.41 9823.85 9826.63 9812.6 9838.15 9812.61 -
292.3 10127 9865.37 9824.07 9827 9812.54 9839.38 9812.54 -
292.2 9864 9867.46 9824.3 9827.39 9812.47 9840.71 9812.48 -
292.1 9982 9869.68 9824.54 9827.81 9812.4 9842.15 9812.41 -
292 9713 9872.06 9824.79 9828.24 9812.33 9843.71 9812.33 -
291.9 9724 9874.62 9825.05 9828.69 9812.26 9845.4 9812.26 -
291.8 9841 9877.35 9825.32 9829.17 9812.18 9847.23 9812.18 -
291.7 9734 9880.3 9825.6 9829.67 9812.1 9849.23 9812.1 -
291.6 9921 9883.47 9825.89 9830.2 9812.01 9851.42 9812.01 -
291.5 9752 9886.9 9826.19 9830.75 9811.92 9853.81 9811.92 -
291.4 9776 9890.61 9826.5 9831.34 9811.82 9856.43 9811.83 -
291.3 9851 9894.64 9826.83 9831.96 9811.72 9859.32 9811.73 -
291.2 9871 9899.03 9827.17 9832.61 9811.62 9862.5 9811.62 -
291.1 9681 9903.81 9827.52 9833.3 9811.51 9866.01 9811.51 -
291 10097 9909.04 9827.89 9834.03 9811.39 9869.91 9811.4 -
290.9 10038 9914.78 9828.27 9834.81 9811.27 9874.25 9811.27 -
290.8 9947 9921.11 9828.68 9835.63 9811.14 9879.09 9811.14 -
290.7 9937 9928.09 9829.09 9836.5 9811 9884.51 9811 -
290.6 9860 9935.84 9829.53 9837.43 9810.85 9890.6 9810.86 -
290.5 10020 9944.46 9829.98 9838.41 9810.69 9897.47 9810.7 -
290.4 10073 9954.1 9830.46 9839.46 9810.52 9905.25 9810.53 -
290.3 9950 9964.91 9830.95 9840.57 9810.34 9914.09 9810.35 -
290.2 10087 9977.09 9831.46 9841.76 9810.15 9924.18 9810.15 -
290.1 10022 9990.88 9832 9843.03 9809.94 9935.74 9809.94 -
290 9983 10006.6 9832.56 9844.38 9809.72 9949.04 9809.72 -
289.9 9944 10024.5 9833.14 9845.83 9809.48 9964.41 9809.47 -
289.8 10023 10045 9833.74 9847.39 9809.23 9982.21 9809.2 -
289.7 10110 10068.6 9834.37 9849.05 9808.99 10002.9 9808.9 -
289.6 10168 10096 9835.01 9850.85 9808.78 10027.1 9808.57 -
289.5 10181 10127.7 9835.68 9852.78 9808.64 10055.2 9808.21 -
289.4 10190 10164.5 9836.37 9854.86 9808.67 10088 9807.81 -
289.3 10140 10207.2 9837.08 9857.12 9809.02 10126 9807.36 -
289.2 10130 10256.4 9837.8 9859.59 9809.92 10169.7 9806.85 -
289.1 10342 10312.8 9838.54 9862.29 9811.76 10219 9806.28 -
289 10435 10376.1 9839.29 9865.29 9815.07 10273.4 9805.65 -
288.9 10489 10445.2 9840.06 9868.65 9820.61 10330.7 9804.93 -
288.8 10395 10517.5 9840.83 9872.48 9829.33 10387.3 9804.12 -
288.7 10628 10588.8 9841.61 9876.92 9842.36 10437.6 9803.22 -
288.6 10677 10653.8 9842.43 9882.19 9860.96 10474.9 9802.23 -
288.5 10604 10707.6 9843.28 9888.56 9886.31 10492.9 9801.15 -
288.4 10818 10747.9 9844.22 9896.41 9919.32 10488 9800.01 -
288.3 10686 10776.4 9845.25 9906.25 9960.33 10461 9798.81 -
288.2 10831 10797.9 9846.42 9918.7 10008.9 10416.6 9797.58 -
288.1 10966 10818.2 9847.76 9934.54 10063.4 10361.5 9796.32 -
288 10818 10842.3 9849.28 9954.71 10121.3 10302.1 9795.03 -
287.9 11064 10872.4 9851.04 9980.33 10178.8 10243.4 9793.71 -
287.8 10877 10908.8 9853.05 10012.7 10231.6 10188.5 9792.35 -
287.7 10706 10949.8 9855.39 10053.1 10275.1 10139 9790.94 -
287.6 10999 10993.2 9858.14 10103.2 10305.1 10095.2 9789.48 -
287.5 10995 11037.6 9861.44 10164.5 10318.6 10057 9787.96 -
287.4 11092 11082.6 9865.53 10238.3 10314.2 10023.8 9786.38 -
287.3 11017 11129.2 9870.73 10325.8 10292 9995 9784.75 -
287.2 11477 11180.2 9877.54 10427.7 10254.1 9970.01 9783.05 -
287.1 11154 11239.5 9886.7 10544.5 10204 9948.23 9781.29 -
287 11372 11311.6 9899.26 10675.5 10146 9929.15 9779.45 -
286.9 11381 11400.8 9916.73 10819.6 10084.7 9912.31 9777.52 -
286.8 11453 11510.7 9941.21 10974.4 10024.2 9897.33 9775.47 -
286.7 11834 11644.1 9975.54 11136.6 9967.9 9883.87 9773.28 -
286.6 11705 11802.1 10023.5 11301.7 9918.07 9871.65 9770.92 -
286.5 11943 11984.9 10089.8 11463.9 9875.87 9860.43 9768.36 -
286.4 12170 12191.6 10180.4 11616.4 9841.47 9850 9765.57 -
286.3 12207 12420.6 10302.6 11751 9814.29 9840.18 9762.51 -
286.2 12606 12670.4 10464.4 11859.3 9793.28 9830.81 9759.15 -
286.1 13021 12940.5 10674.9 11933.1 9777.22 9821.78 9755.48 -
286 13089 13232.7 10943.4 11965.9 9764.84 9812.96 9751.46 -
285.9 13541 13551.2 11278.7 11954.4 9755.02 9804.26 9747.07 -
285.8 13896 13903.5 11688.6 11899.3 9746.84 9795.57 9742.27 -
285.7 14486 14298.4 12178.3 11804.8 9739.56 9786.81 9737.02 -
285.6 14727 14744.5 12749.7 11678.2 9732.63 9777.87 9731.27 -
285.5 15598 15247 13399.9 11527.6 9725.65 9768.66 9724.95 -
285.4 15803 15805.5 14120.6 11361.5 9718.33 9759.05 9717.98 -
285.3 16435 16413.3 14897.3 11187.5 9710.47 9748.96 9710.3 -
285.2 17075 17055.8 15709.1 11012 9701.92 9738.3 9701.85 -
285.1 17699 17711.5 16529.3 10840.3 9692.6 9727 9692.57 -
285 18372 18352.3 17325.6 10676.5 9682.47 9715.02 9682.46 -
284.9 18881 18945.5 18062.6 10523.6 9671.52 9702.36 9671.52 -
284.8 19232 19455.7 18702.7 10383.5 9659.82 9689.07 9659.83 -
284.7 19584 19847.5 19209.9 10257.4 9647.46 9675.24 9647.47 -
284.6 20123 20089.5 19552.2 10145.5 9634.6 9661.01 9634.6 -
284.5 20285 20157.8 19706.4 10047.7 9621.41 9646.56 9621.42 -
284.4 19766 20040.1 19661 9963.26 9608.12 9632.09 9608.13 -
284.3 19901 19737.4 19418.4 9891.09 9594.96 9617.83 9594.97 -
284.2 19261 19264.5 18994.8 9830 9582.17 9604.01 9582.17 -
284.1 18914 18646.6 18417 9778.68 9569.96 9590.84 9569.96 -
284 17943 17916.3 17718.9 9735.85 9558.51 9578.49 9558.51 -
283.9 17300 17109.2 16937.7 9700.25 9547.97 9567.11 9547.97 -
283.8 16132 16261.3 16110.7 9670.76 9538.43 9556.78 9538.43 -
283.7 15631 15406.5 15272.4 9646.36 9529.95 9547.56 9529.95 -
283.6 14476 14574.1 14453.6 9626.19 9522.54 9539.45 9522.54 -
283.5 13699 13788.6 13679 9609.5 9516.17 9532.42 9516.17 -
283.4 12911 13067.9 12967.4 9595.65 9510.78 9526.41 9510.78 -
283.3 12341 12424.1 12331.2 9584.14 9506.29 9521.34 9506.29 -
283.2 11761 11863 11776.6 9574.52 9502.61 9517.1 9502.61 -
283.1 11301 11385.5 11304.8 9566.45 9499.63 9513.6 9499.64 -
283 10970 10988.2 10912.4 9559.62 9497.25 9510.73 9497.26 -
282.9 10658 10664.6 10593.2 9553.81 9495.37 9508.37 9495.38 -
282.8 10495 10406.4 10338.9 9548.83 9493.9 9506.45 9493.9 -
282.7 10196 10204.2 10140.3 9544.51 9492.75 9504.88 9492.75 -
282.6 10078 10048.5 9987.95 9540.73 9491.85 9503.58 9491.85 -
282.5 9977 9930.62 9873.04 9537.39 9491.15 9502.49 9491.15 -
282.4 9878 9842.4 9787.61 9534.41 9490.59 9501.57 9490.6 -
282.3 9862 9777.04 9724.83 9531.73 9490.15 9500.78 9490.15 -
282.2 9857 9728.87 9679.07 9529.3 9489.79 9500.09 9489.79 -
282.1 9669 9693.38 9645.81 9527.08 9489.49 9499.47 9489.49 -
282 9714 9667.06 9621.58 9525.04 9489.23 9498.91 9489.23 -
281.9 9668 9647.28 9603.75 9523.16 9489.01 9498.4 9489.01 -
281.8 9703 9632.11 9590.4 9521.41 9488.81 9497.92 9488.81 -
281.7 9612 9620.17 9580.17 9519.78 9488.63 9497.48 9488.63 -
281.6 9525 9610.5 9572.1 9518.26 9488.46 9497.06 9488.46 -
281.5 9791 9602.42 9565.54 9516.84 9488.31 9496.66 9488.31 -
281.4 9551 9595.48 9560.03 9515.5 9488.16 9496.29 9488.16 -
281.3 9488 9589.4 9555.28 9514.25 9488.03 9495.93 9488.03 -
281.2 9589 9583.96 9551.1 9513.07 9487.9 9495.59 9487.9 -
281.1 9504 9579.02 9547.36 9511.96 9487.78 9495.26 9487.78 -
281 9631 9574.5 9543.98 9510.91 9487.66 9494.95 9487.66 -
280.9 9641 9570.34 9540.88 9509.92 9487.55 9494.65 9487.55 -
280.8 9757 9566.47 9538.03 9508.98 9487.45 9494.36 9487.45 -
280.7 9520 9562.88 9535.4 9508.09 9487.35 9494.09 9487.35 -
280.6 9423 9559.52 9532.96 9507.25 9487.25 9493.82 9487.26 -
280.5 9466 9556.39 9530.69 9506.45 9487.16 9493.57 9487.16 -
280.4 9482 9553.45 9528.58 9505.7 9487.08 9493.33 9487.08 -
280.3 9443 9550.69 9526.6 9504.98 9486.99 9493.09 9486.99 -
280.2 9454 9548.09 9524.76 9504.29 9486.91 9492.87 9486.91 -
280.1 9458 9545.65 9523.03 9503.64 9486.83 9492.65 9486.84 -
280 9473 9543.34 9521.41 9503.02 9486.76 9492.44 9486.76 -
279.9 9526 9541.17 9519.89 9502.43 9486.69 9492.24 9486.69 -
279.8 9678 9539.12 9518.45 9501.86 9486.62 9492.04 9486.62 -
279.7 9429 9537.18 9517.11 9501.33 9486.55 9491.85 9486.56 -
279.6 9645 9535.34 9515.84 9500.81 9486.49 9491.67 9486.49 -
279.5 9537 9533.59 9514.64 9500.32 9486.43 9491.5 9486.43 -
279.4 9546 9531.94 9513.51 9499.85 9486.37 9491.33 9486.37 -
279.3 9384 9530.37 9512.44 9499.39 9486.31 9491.16 9486.31 -
279.2 9587 9528.87 9511.42 9498.96 9486.26 9491 9486.26 -
279.1 9671 9527.45 9510.46 9498.55 9486.2 9490.85 9486.2 -
279 9638 9526.1 9509.55 9498.15 9486.15 9490.7 9486.15 -
278.9 9508 9524.81 9508.69 9497.77 9486.1 9490.56 9486.1 -
278.8 9350 9523.58 9507.87 9497.4 9486.05 9490.42 9486.05 -
278.7 9364 9522.4 9507.08 9497.05 9486 9490.28 9486 -
278.6 9708 9521.28 9506.34 9496.71 9485.96 9490.15 9485.96 -
278.5 9512 9520.2 9505.63 9496.38 9485.91 9490.02 9485.91 -
278.4 9619 9519.18 9504.96 9496.07 9485.87 9489.9 9485.87 -
278.3 9479 9518.19 9504.31 9495.76 9485.83 9489.78 9485.83 -
278.2 9565 9517.25 9503.7 9495.47 9485.79 9489.66 9485.79 -
278.1 9413 9516.35 9503.11 9495.19 9485.75 9489.55 9485.75 -
278 9594 9515.48 9502.55 9494.92 9485.71 9489.44 9485.71 9515.48
