362.1 11191 13342.2 13342.2 12269.3 12269.3 13342.2
362.2 11392 13380.9 13380.9 12273 12273 -
362.299 11347.5 13421.6 13421.6 12276.9 12276.9 -
362.399 11394.3 13464.3 13464.3 12280.9 12280.9 -
362.498 11470.5 13509.3 13509.3 12285 12285 -
362.598 11499.3 13556.6 13556.6 12289.3 12289.3 -
362.697 11541.7 13606.5 13606.5 12293.7 12293.7 -
362.797 11602.8 13659 13659 12298.3 12298.3 -
362.896 11495.6 13714.6 13714.6 12303.1 12303.1 -
362.996 11710.7 13773.3 13773.3 12308 12308 -
363.095 11643.1 13835.4 13835.4 12313.1 12313.1 -
363.195 11859.2 13901.3 13901.3 12318.4 12318.4 -
363.294 11796.8 13971.2 13971.2 12323.9 12323.9 -
363.394 11965.9 14045.4 14045.4 12329.7 12329.7 -
363.493 11968.7 14124.4 14124.4 12335.7 12335.7 -
363.593 12159.5 14208.6 14208.6 12341.9 12341.9 -
363.692 12366.4 14298.4 14298.4 12348.4 12348.4 -
363.792 12485.5 14394.4 14394.4 12355.2 12355.2 -
363.891 12345.8 14497.2 14497.2 12362.3 12362.3 -
363.991 12516.5 14607.5 14607.5 12369.8 12369.8 -
364.09 12830.3 14726 14726 12377.6 12377.6 -
364.19 12977.6 14853.5 14853.5 12385.8 12385.8 -
364.289 13331.9 14991.1 14991.1 12394.4 12394.4 -
364.389 13398.8 15139.8 15139.8 12403.5 12403.5 -
364.488 13670.4 15301 15301 12413 12413 -
364.588 13895.1 15476 15476 12423.1 12423.1 -
364.687 14249.1 15666.5 15666.5 12433.7 12433.7 -
364.787 14535.9 15874.4 15874.4 12445 12445 -
364.886 14990.1 16102 16102 12457 12457 -
364.986 15367.5 16351.9 16351.9 12469.7 12469.7 -
365.085 15701.4 16627.1 16627.1 12483.3 12483.3 -
365.185 16168.4 16931.2 16931.2 12497.7 12497.7 -
365.284 16648.2 17268.3 17268.3 12513.2 12513.2 -
365.384 17246 17643.6 17643.6 12529.8 12529.8 -
365.483 17818.8 18063 18063 12547.6 12547.6 -
365.583 18613.8 18533.7 18533.7 12566.9 12566.9 -
365.682 19435.2 19064.7 19064.7 12587.7 12587.7 -
365.782 20210.5 19666.8 19666.8 12610.3 12610.3 -
365.881 21009.1 20354.4 20354.4 12634.9 12634.9 -
365.981 21937.4 21146.4 21146.4 12661.9 12661.9 -
366.08 23471.4 22070.6 22070.6 12691.5 12691.5 -
366.18 25037.9 23169.9 23169.9 12724.2 12724.2 -
366.279 26567.6 24515.3 24515.3 12760.6 12760.6 -
366.379 28960 26227.5 26227.5 12801.7 12801.7 -
366.478 31812.4 28511.2 28511.2 12848.5 12848.5 -
366.578 35725.2 31703.5 31703.5 12903.2 12903.2 -
366.677 40637.2 36330.8 36330.8 12968.8 12968.8 -
366.777 47376.4 43159.9 43159.9 13050.3 13050.3 -
366.876 56830.4 53215.6 53215.6 13155.4 13155.4 -
366.976 69671.1 67725.8 67725.8 13295.1 13295.1 -
367.075 87104.2 87960.8 87960.8 13485.1 13485.1 -
367.175 110534 114950 114950 13745 13745 -
367.274 141548 149105 149105 14098.1 14098.1 -
367.374 180279 189808 189808 14569.2 14569.2 -
367.473 223892 235023 235023 15180.7 15180.7 -
367.573 268179 280974 280974 15947.8 15947.8 -
367.672 308576 321935 321935 16872.6 16872.6 -
367.772 339658 350684 350684 17937.1 17937.1 -
367.871 357985 360673 360673 19098.2 19098.2 -
367.971 361654 357468 357468 20290.2 20290.2 -
368.07 351111 347223 347223 21466.7 21466.7 -
368.17 330096 330992 330992 22603.4 22603.4 -
368.269 303809 310197 310197 23679.5 23679.5 -
368.369 273685 286349 286349 24679.3 24679.3 -
368.468 244548 260859 260859 25592.4 25592.4 -
368.568 216307 234931 234931 26413.4 26413.4 -
368.667 191245 209541 209541 27141 27141 -
368.767 169766 185436 185436 27777.5 27777.5 -
368.866 151486 163152 163152 28327.6 28327.6 -
368.966 135294 143037 143037 28798.1 28798.1 -
369.065 121254 125273 125273 29196.7 29196.7 -
369.165 108942 109898 109898 29532 29532 -
369.264 98582.5 96840.3 96840.3 29812.4 29812.4 -
369.364 89392.6 85940.9 85940.9 30046.3 30046.3 -
369.463 81545 76985.3 76985.2 30241.4 30241.3 -
369.563 74400.3 69728.2 69728.1 30404.6 30404.5 -
369.662 67887.5 63915.8 63915.5 30542 30541.7 -
369.762 61968.5 59302.8 59302.1 30658.9 30658.1 -
369.861 57379.8 55664 55662.4 30759.7 30758.1 -
369.961 53556.4 52802 52798.5 30848.5 30845 -
370.06 50158.6 50550.1 50543 30928.8 30921.6 -
370.16 47362.5 48772.5 48758.4 31004.2 30990.1 -
370.259 45110.4 47362.4 47335.5 31079 31052.2 -
370.359 43044.3 46238.8 46189.6 31158.3 31109.1 -
370.458 41614.6 45343.2 45256.5 31248.6 31161.9 -
370.558 40887.3 44635.6 44488.6 31358.3 31211.3 -
370.657 40479.3 44091.2 43851.3 31498.1 31258.2 -
370.757 40262.7 43696.6 43319.7 31679.9 31303 -
370.856 40411.3 43446.4 42876.4 31916.2 31346.2 -
370.956 41011 43339.2 42509.4 32218.2 31388.4 -
371.055 41746.6 43373.3 42210.5 32592.9 31430.1 -
371.155 42459.4 43543.1 41974.7 33040.2 31471.8 -
371.254 43325.4 43835.2 41798.8 33550.3 31513.9 -
371.354 44270.9 44226.9 41681.8 34102.1 31556.9 -
371.453 44943.6 44685.6 41623.6 34663.1 31601.1 -
371.553 45338.8 45172 41626 35192.8 31646.8 -
371.652 45567.2 45644.4 41691.6 35646.8 31694 -
371.752 45548 46066.3 41824.8 35984.2 31742.7 -
371.851 45292.6 46413 42031.9 36173.7 31792.7 -
371.951 45388.1 46678.1 42322.2 36199.6 31843.7 -
372.05 45539.5 46878.6 42709.7 36064.3 31895.4 -
372.15 45621.6 47057.7 43217.1 35788.4 31947.7 -
372.249 46161.9 47288.1 43882.2 35406.3 32000.5 -
372.349 46995.4 47677.8 44770.5 34961.1 32053.8 -
372.448 48122.9 48383.9 45995 34497.2 32108.3 -
372.548 49607.1 49634.6 47745.1 34054.6 32165.1 -
372.647 52077.7 51763.2 50324.6 33664.7 32226.1 -
372.747 55850.6 55243.6 54189.3 33348.6 32294.2 -
372.846 60790.7 60714.3 59970.5 33118.1 32374.3 -
372.946 68134.7 68965.3 68460.2 32978.3 32473.2 -
373.045 78855.9 80861.3 80531.1 32930.7 32600.6 -
373.145 93398.9 97183.3 96975.6 32976.7 32769 -
373.244 113056 118395 118269 33119.6 32993.7 -
373.344 137403 144367 144293 33365.1 33291.7 -
373.443 165786 174103 174061 33720.5 33679.3 -
373.543 196515 205502 205480 34191.6 34169.3 -
373.642 225227 235171 235160 34778.8 34767.2 -
373.742 249212 258483 258477 35472.3 35466.5 -
373.841 264584 270508 270506 36247.5 36244.7 -
373.941 269574 270609 270608 37063.4 37062.1 -
374.04 265040 265328 265327 37877.7 37877.1 -
374.14 252753 255652 255652 38671 38670.8 -
374.239 235785 242477 242477 39428 39427.9 -
374.339 215775 226829 226829 40136.5 40136.5 -
374.438 195292 209707 209707 40787.9 40787.9 -
374.538 175846 191990 191990 41377.4 41377.4 -
374.637 158090 174404 174404 41902.9 41902.9 -
374.737 143311 157516 157516 42365.3 42365.3 -
374.836 130379 141745 141745 42767.1 42767.1 -
374.936 119123 127376 127376 43112.5 43112.5 -
375.035 109100 114575 114575 43406.5 43406.5 -
375.135 100565 103403 103403 43654.8 43654.8 -
375.234 93216.3 93836.5 93836.5 43863.3 43863.3 -
375.334 86403.2 85788.4 85788.4 44037.7 44037.7 -
375.433 80823.3 79124.4 79124.4 44183.4 44183.4 -
375.533 75534.8 73683.2 73683.2 44305.3 44305.3 -
375.632 71008.4 69292.2 69292.2 44407.8 44407.8 -
375.732 67419.8 65780.3 65780.3 44494.7 44494.7 -
375.831 64205.4 62987.7 62987.7 44568.9 44568.9 -
375.931 61262 60771.4 60771.4 44633.2 44633.2 -
376.03 58620.1 59008.9 59008.9 44689.5 44689.5 -
376.13 56495.8 57598.2 57598.2 44739.5 44739.5 -
376.229 54776.4 56457.5 56457.5 44784.4 44784.4 -
376.329 53661.7 55522.1 55522.1 44825.1 44825.1 -
376.428 52353.8 54742.8 54742.8 44862.4 44862.4 -
376.528 51424 54082.4 54082.4 44896.9 44896.9 -
376.627 51025.8 53513.4 53513.4 44928.9 44928.9 -
376.727 50613.4 53015.6 53015.6 44958.9 44958.9 -
376.826 50427.5 52574.2 52574.2 44987 44987 -
376.926 50550.7 52178.6 52178.6 45013.5 45013.5 -
377.025 50785.5 51820.9 51820.9 45038.5 45038.5 -
377.125 51102.6 51495.3 51495.3 45062.2 45062.2 -
377.224 51368.6 51197.2 51197.2 45084.6 45084.6 -
377.324 51889.7 50923.1 50923.1 45105.9 45105.9 -
377.423 51800.7 50670.2 50670.2 45126.2 45126.2 -
377.523 51722.2 50436.3 50436.3 45145.6 45145.6 -
377.622 51559 50219.4 50219.4 45164 45164 -
377.722 51320.8 50017.8 50017.8 45181.7 45181.7 -
377.821 51331.4 49830.1 49830.1 45198.6 45198.6 -
377.921 50738.7 49655.1 49655.1 45214.7 45214.7 -
378.02 50737.4 49491.6 49491.6 45230.2 45230.2 -
378.12 50085.6 49338.6 49338.6 45245.1 45245.1 -
378.219 49713.8 49195.3 49195.3 45259.4 45259.4 -
378.319 49118.2 49060.8 49060.8 45273.1 45273.1 -
378.418 48566.6 48934.5 48934.5 45286.3 45286.3 -
378.518 47841.5 48815.6 48815.6 45299.1 45299.1 -
378.617 47551.8 48703.7 48703.7 45311.3 45311.3 -
378.717 47380.4 48598.1 48598.1 45323.2 45323.2 -
378.816 47384.4 48498.5 48498.5 45334.6 45334.6 -
378.916 47086.8 48404.3 48404.3 45345.6 45345.6 -
379.015 46853.3 48315.2 48315.2 45356.3 45356.3 -
379.115 46850 48230.9 48230.9 45366.7 45366.6 -
379.214 46951.1 48151 48150.9 45376.7 45376.6 -
379.314 46975.1 48075.3 48075 45386.6 45386.3 -
379.413 47207.1 48003.5 48002.9 45396.3 45395.7 -
379.513 46486.6 47935.8 47934.4 45406.2 45404.8 -
379.612 46789 47872.2 47869.2 45416.6 45413.6 -
379.712 46561.1 47813.3 47807.2 45428.3 45422.2 -
379.811 46970.4 47760.2 47748.1 45442.7 45430.5 -
379.911 47125.3 47715 47691.7 45461.9 45438.7 -
380.01 47325.8 47680.9 47638 45489.6 45446.6 -
380.11 47458.9 47663.1 47586.7 45530.8 45454.4 -
380.209 47793.9 47668.5 47537.9 45592.7 45462.1 -
380.309 47740.5 47706.4 47491.4 45684.8 45469.8 -
380.408 47972.2 47787.9 47447.1 45818.4 45477.6 -
380.508 48333.8 47925.2 47405.3 46005.6 45485.7 -
380.607 48227.9 48129.4 47365.8 46257.7 45494.2 -
380.707 48359.4 48408.3 47329 46582.8 45503.4 -
380.806 48715.8 48763.6 47294.8 46982.3 45513.5 -
380.906 48380.8 49187.4 47263.5 47448.8 45524.9 -
381.005 48878.9 49661 47235.2 47963.4 45537.6 -
381.105 49276 50154.2 47210.1 48496.2 45552 -
381.204 49650.4 50627.6 47188 49007.7 45568.1 -
381.304 49505.1 51037.1 47169 49453.9 45585.8 -
381.403 49896.9 51339.8 47152.5 49792.1 45604.8 -
381.503 50024.3 51501.6 47138.4 49988 45624.8 -
381.602 50082.9 51502.3 47125.8 50021.8 45645.3 -
381.702 50469.2 51339.9 47114.4 49891.3 45665.7 -
381.801 50289.2 51030.6 47103.3 49612.8 45685.5 -
381.901 50505.2 50605.6 47092.2 49217.6 45704.2 -
382 50753 50106 47080.4 48746.9 45721.3 50106
