65.1 74446 73986.5 54212.2 73763.3 53989 73986.5
65.1994 74017.5 73801.9 54319.7 73572.8 54090.6 -
65.2988 74377.7 73596.4 54425.9 73361.2 54190.8 -
65.3982 73452.7 73371.7 54530.9 73130.3 54289.4 -
65.4976 73427.2 73129.7 54634.5 72881.7 54386.4 -
65.5971 73001.9 72872 54736.6 72617 54481.7 -
65.6965 72406.3 72600.2 54837.2 72338.1 54575.1 -
65.7959 72170.2 72316 54936.3 72046.5 54666.7 -
65.8953 72169.6 72021.1 55033.8 71743.7 54756.4 -
65.9947 71610.3 71716.9 55129.7 71431.4 54844.2 -
66.0941 71170.5 71405 55224 71110.9 54929.9 -
66.1935 71140.3 71086.7 55316.7 70783.7 55013.7 -
66.2929 70831.4 70763.5 55407.7 70451.1 55095.4 -
66.3923 70562.3 70436.6 55497.2 70114.4 55175 -
66.4918 69590.4 70107.2 55585 69774.7 55252.5 -
66.5912 69386.5 69776.4 55671.3 69433.1 55328 -
66.6906 68778 69445.3 55756.1 69090.7 55401.5 -
66.79 69116.5 69115 55839.4 68748.4 55472.8 -
66.8894 68811.4 68786.3 55921.3 68407.2 55542.2 -
66.9888 68310.8 68460 56001.8 68067.7 55609.5 -
67.0882 67914.2 68137.1 56081.1 67730.8 55674.8 -
67.1876 67748 67818.2 56159.1 67397.2 55738.1 -
67.2871 67594.3 67504.1 56236.1 67067.6 55799.5 -
67.3865 67224.7 67195.4 56312 66742.4 55859 -
67.4859 66945.8 66892.7 56387.1 66422.3 55916.6 -
67.5853 66572.1 66596.6 56461.4 66107.7 55972.4 -
67.6847 66430.1 66307.5 56535 65799 56026.4 -
67.7841 66015.4 66026 56608.1 65496.6 56078.7 -
67.8835 65743.7 65752.6 56680.8 65200.9 56129.2 -
67.9829 65514.2 65487.5 56753.4 64912.2 56178.1 -
68.0823 65731.1 65231.3 56826 64630.7 56225.4 -
68.1818 65701.8 64984.2 56898.7 64356.7 56271.2 -
68.2812 65102.6 64746.7 56971.9 64090.3 56315.5 -
68.3806 64823.7 64519.1 57045.8 63831.7 56358.3 -
68.48 64629 64301.8 57120.5 63581 56399.8 -
68.5794 63949.7 64094.9 57196.5 63338.4 56440 -
68.6788 63992.9 63899 57274.1 63103.8 56478.9 -
68.7782 63740.8 63714.2 57353.5 62877.3 56516.6 -
68.8776 63602.2 63541.1 57435.3 62659 56553.2 -
68.9771 63564.7 63379.9 57519.8 62448.8 56588.7 -
69.0765 63261.3 63231.1 57607.6 62246.7 56623.2 -
69.1759 63229.2 63095.1 57699.3 62052.6 56656.8 -
69.2753 63158.4 62972.6 57795.5 61866.6 56689.5 -
69.3747 63016.2 62864.1 57897.1 61688.4 56721.4 -
69.4741 62565.2 62770.3 58004.8 61518.1 56752.7 -
69.5735 62345.3 62692.2 58119.9 61355.5 56783.2 -
69.6729 62418.7 62630.7 58243.4 61200.6 56813.3 -
69.7723 62157.9 62587.2 58376.9 61053.1 56842.8 -
69.8718 62272.2 62563.2 58522.2 60913 56872 -
69.9712 62275.2 62560.8 58681.5 60780.2 56901 -
70.0706 62394.6 62582.4 58857.5 60654.6 56929.7 -
70.17 62671.8 62631 59053.4 60536 56958.4 -
70.2694 62564.5 62710.4 59273.3 60424.4 56987.3 -
70.3688 62708.9 62825.4 59522.1 60319.6 57016.4 -
70.4682 62763.5 62981.6 59805.9 60221.6 57045.9 -
70.5676 63003.8 63186.2 60131.8 60130.4 57076.1 -
70.6671 63425.7 63447.2 60508.3 60046 57107.1 -
70.7665 63787.7 63774.6 60945.5 59968.4 57139.3 -
70.8659 64493.9 64179.2 61454.5 59897.8 57173 -
70.9653 64530.1 64673.7 62048.2 59834.2 57208.7 -
71.0647 65287 65271.2 62740 59777.9 57246.6 -
71.1641 66295.8 65985.6 63543.8 59729.1 57287.4 -
71.2635 67114.8 66829.7 64472.9 59688.3 57331.6 -
71.3629 67796.6 67813.3 65537.2 59655.9 57379.9 -
71.4623 68774.7 68939.4 66740 59632.3 57432.9 -
71.5618 70299.5 70198.4 68071.7 59618 57491.4 -
71.6612 71515.3 71558.5 69500.9 59613.5 57555.9 -
71.7606 72538.3 72955.9 70963.9 59619.1 57627.1 -
71.86 73905 74286.2 72356.5 59634.7 57705 -
71.9594 74845.2 75408.1 73537.6 59659.8 57789.3 -
72.0588 75510.5 76167.7 74353.4 59693.1 57878.8 -
72.1582 75948.2 76445 74684.1 59732.7 57971.8 -
72.2576 76277.2 76272.9 74562.8 59775.8 58065.7 -
72.3571 75821.4 75734.1 74072.3 59820 58158.2 -
72.4565 75016.8 74907.7 73291.8 59863.4 58247.5 -
72.5559 73945.4 73894.2 72322.1 59904.3 58332.2 -
72.6553 72781.9 72791.5 71261.1 59941.7 58411.3 -
72.7547 71681.4 71679.2 70188.4 59975.1 58484.4 -
72.8541 70587.2 70613.2 69160.3 60004.3 58551.4 -
72.9535 69519.7 69628.2 68211.5 60029.5 58612.7 -
73.0529 68707.7 68742.4 67360.2 60050.9 58668.7 -
73.1523 67865.1 67962.7 66613.5 60069.1 58719.9 -
73.2518 67194.7 67289.2 65971.5 60084.5 58766.9 -
73.3512 66544.3 66718.2 65430.7 60097.7 58810.2 -
73.4506 66101.3 66244.2 64985.7 60108.9 58850.4 -
73.55 65850 65861.4 64630.6 60118.7 58888 -
73.6494 65281.5 65564.5 64360.4 60127.6 58923.4 -
73.7488 65212.4 65349.2 64170.6 60135.7 58957.2 -
73.8482 65209.4 65212.4 64058.4 60143.7 58989.6 -
73.9476 65036.3 65153 64022.7 60151.6 59021.3 -
74.0471 65291.6 65171.4 64063.8 60160 59052.4 -
74.1465 65586.7 65269.7 64184.1 60169.2 59083.5 -
74.2459 65795.3 65452.1 64387.6 60179.5 59115 -
74.3453 65938.8 65723.9 64679.8 60191.3 59147.2 -
74.4447 66343.6 66091.8 65067.5 60205 59180.6 -
74.5441 67061.5 66562.9 65557.6 60221 59215.7 -
74.6435 67354.9 67143.4 66156.6 60239.9 59253.1 -
74.7429 68035.5 67836.5 66867.5 60262.1 59293.2 -
74.8423 68970.2 68638.7 67687.1 60288.3 59336.6 -
74.9418 69409.6 69534.5 68599.6 60318.8 59383.9 -
75.0412 70183.4 70488.8 69570.2 60354.1 59435.4 -
75.1406 71095.6 71439.5 70536.7 60394.5 59491.6 -
75.24 71943.8 72294.9 71407.4 60439.8 59552.3 -
75.3394 72491 72943.1 72070.5 60489.7 59617.1 -
75.4388 73026 73278.5 72420.5 60542.9 59684.8 -
75.5382 73383.5 73255.7 72411.7 60597.9 59753.9 -
75.6376 72944.3 72941.4 72111.2 60652.8 59822.5 -
75.7371 72873.7 72385.1 71568.2 60706.1 59889.2 -
75.8365 72012.4 71654.1 70850.3 60756.5 59952.7 -
75.9359 70872.6 70822.5 70031.4 60803.3 60012.2 -
76.0353 70394 69955.1 69176.3 60845.8 60067.1 -
76.1347 69699 69100.8 68334.2 60884 60117.4 -
76.2341 68367 68291.8 67536.9 60917.9 60163 -
76.3335 67441.4 67545.8 66802.5 60947.7 60204.4 -
76.4329 66706.5 66870.9 66138.8 60973.7 60241.7 -
76.5323 66257.4 66268.1 65547 60996.4 60275.4 -
76.6318 65993.7 65734.8 65024.4 61016.2 60305.8 -
76.7312 65440.5 65265.9 64566 61033.3 60333.4 -
76.8306 64634.5 64855.4 64165.8 61048.1 60358.5 -
76.93 64446.7 64497.1 63817.5 61060.9 60381.3 -
77.0294 64352.4 64184.7 63514.9 61072 60402.2 -
77.1288 64106.2 63912.4 63252.2 61081.6 60421.5 -
77.2282 63325.7 63674.8 63024 61090 60439.2 -
77.3276 62911.7 63466.9 62825.3 61097.2 60455.7 -
77.4271 63055.3 63284.6 62652 61103.6 60471 -
77.5265 62964.3 63124 62500.3 61109 60485.3 -
77.6259 62861.8 62982 62366.9 61113.8 60498.7 -
77.7253 62653.5 62855.8 62249.1 61118 60511.3 -
77.8247 62400.2 62743.1 62144.7 61121.6 60523.2 -
77.9241 62382 62642 62051.6 61124.8 60534.5 -
78.0235 62249.4 62550.7 61968.4 61127.6 60545.2 -
78.1229 62193.5 62468.1 61893.6 61130 60555.4 -
78.2223 62199.3 62393 61826 61132 60565.1 -
78.3218 61913.9 62324.4 61764.9 61133.8 60574.4 -
78.4212 61915.5 62261.5 61709.4 61135.4 60583.3 -
78.5206 61737.2 62203.7 61658.8 61136.7 60591.8 -
78.62 61919.2 62150.4 61612.6 61137.8 60600 -
78.7194 62143.7 62101.2 61570.3 61138.8 60607.9 -
78.8188 61867.3 62055.6 61531.5 61139.6 60615.5 -
78.9182 61988 62013.2 61495.8 61140.2 60622.8 -
79.0176 62258.5 61973.8 61462.9 61140.8 60629.9 -
79.1171 61715.5 61937 61432.5 61141.2 60636.7 -
79.2165 61975.7 61902.6 61404.5 61141.5 60643.3 -
79.3159 61869 61870.5 61378.5 61141.7 60649.7 -
79.4153 61748.5 61840.3 61354.5 61141.8 60655.9 -
79.5147 61957.6 61812 61332.1 61141.9 60661.9 -
79.6141 61292.3 61785.4 61311.3 61141.8 60667.8 -
79.7135 61535.6 61760.3 61292 61141.8 60673.5 -
79.8129 61774.7 61736.7 61274 61141.6 60679 -
79.9123 61626.6 61714.4 61257.2 61141.5 60684.4 -
80.0118 61556.5 61693.2 61241.6 61141.2 60689.6 -
80.1112 61628.6 61673.2 61226.9 61141 60694.7 -
80.2106 61567 61654.3 61213.2 61140.7 60699.7 -
80.31 61489.6 61636.3 61200.4 61140.4 60704.5 -
80.4094 61642.7 61619.2 61188.4 61140 60709.3 -
80.5088 61763.6 61603 61177.2 61139.7 60713.9 -
80.6082 61745 61587.5 61166.6 61139.3 60718.4 -
80.7076 61677.4 61572.7 61156.7 61138.9 60722.8 -
80.8071 61424 61558.7 61147.4 61138.4 60727.1 -
80.9065 61697.9 61545.3 61138.6 61138 60731.4 -
81.0059 61859.1 61532.5 61130.4 61137.5 60735.5 -
81.1053 61898.2 61520.2 61122.7 61137.1 60739.5 -
81.2047 61458 61508.5 61115.4 61136.6 60743.5 -
81.3041 61871.4 61497.2 61108.5 61136.1 60747.4 -
81.4035 61619.2 61486.5 61102 61135.7 60751.2 -
81.5029 62115.6 61476.2 61095.9 61135.2 60755 -
81.6023 62066.1 61466.2 61090.2 61134.7 60758.6 -
81.7018 61944.8 61456.7 61084.8 61134.2 60762.2 -
81.8012 61884.6 61447.6 61079.6 61133.7 60765.7 -
81.9006 62352.9 61438.8 61074.8 61133.2 60769.2 -
82 61826 61430.4 61070.3 61132.7 60772.6 61430.4
