524.1 90539 90992.5 90992.5 90992.5 90992.5 90992.5 90992.5
524.199 91608.6 90992.5 90992.5 90992.5 90992.5 90992.5 -
524.299 91433.8 90992.5 90992.5 90992.5 90992.5 90992.5 -
524.398 91582.7 90992.5 90992.5 90992.5 90992.5 90992.5 -
524.498 90901 90992.5 90992.5 90992.5 90992.5 90992.5 -
524.597 91200.9 90992.5 90992.5 90992.5 90992.5 90992.5 -
524.697 90577.5 90992.5 90992.5 90992.5 90992.5 90992.5 -
524.796 90655.5 90992.5 90992.5 90992.5 90992.5 90992.5 -
524.896 90332.6 90992.5 90992.5 90992.5 90992.5 90992.5 -
524.995 91568.1 90992.5 90992.5 90992.5 90992.5 90992.5 -
525.095 90668.4 90992.5 90992.5 90992.5 90992.5 90992.5 -
525.194 91156.7 90992.5 90992.5 90992.5 90992.5 90992.5 -
525.294 90994.4 90992.5 90992.5 90992.5 90992.5 90992.5 -
525.393 90892.2 90992.5 90992.5 90992.5 90992.5 90992.5 -
525.493 91152 90992.5 90992.5 90992.5 90992.5 90992.5 -
525.592 90865.8 90992.5 90992.5 90992.5 90992.5 90992.5 -
525.692 91072.8 90992.5 90992.5 90992.5 90992.5 90992.5 -
525.791 91158 90992.5 90992.5 90992.5 90992.5 90992.5 -
525.891 91036.6 90992.5 90992.5 90992.5 90992.5 90992.5 -
525.99 90757.9 90992.6 90992.5 90992.5 90992.5 90992.5 -
526.09 91009 90992.6 90992.6 90992.6 90992.5 90992.5 -
526.189 90749.1 90992.6 90992.6 90992.6 90992.5 90992.5 -
526.289 91057.7 90992.6 90992.6 90992.6 90992.5 90992.5 -
526.388 91094.7 90992.6 90992.6 90992.6 90992.5 90992.5 -
526.488 90252.7 90992.6 90992.6 90992.6 90992.5 90992.5 -
526.587 90950 90992.6 90992.6 90992.6 90992.5 90992.5 -
526.687 90852.9 90992.6 90992.6 90992.6 90992.5 90992.5 -
526.786 90707.7 90992.6 90992.6 90992.6 90992.5 90992.5 -
526.886 91120.9 90992.7 90992.7 90992.6 90992.5 90992.5 -
526.985 91226.1 90992.8 90992.8 90992.6 90992.5 90992.5 -
527.085 90998.2 90993.1 90993 90992.6 90992.5 90992.5 -
527.184 90891.1 90993.6 90993.5 90992.7 90992.5 90992.5 -
527.284 90878.2 90994.5 90994.3 90992.8 90992.6 90992.6 -
527.383 91041.7 90996 90995.7 90992.9 90992.6 90992.6 -
527.483 90245.7 90998.7 90998.1 90993.1 90992.6 90992.6 -
527.582 90764 91003.2 91002.3 90993.5 90992.6 90992.6 -
527.682 90930.5 91010.7 91009.3 90994 90992.6 90992.6 -
527.781 90980.6 91022.8 91020.6 90994.7 90992.6 90992.6 -
527.881 91405.7 91041.9 91038.6 90995.9 90992.6 90992.6 -
527.98 91222.1 91071.7 91066.6 90997.6 90992.6 90992.6 -
528.08 91208.4 91116.7 91109.3 91000.1 90992.6 90992.6 -
528.179 91634.6 91183.6 91172.5 91003.7 90992.6 90992.6 -
528.279 91090.8 91280.6 91264.4 91008.8 90992.6 90992.6 -
528.378 91589.2 91418 91394.5 91016.2 90992.7 90992.7 -
528.478 92025.7 91608.3 91574.6 91026.4 90992.7 90992.7 -
528.577 92117.1 91865.8 91818 91040.7 90992.8 90992.8 -
528.677 92636.6 92206 92138.8 91060.1 90993 90993 -
528.776 93200 92644.6 92551.2 91086.5 90993.1 90993.1 -
528.876 93169.4 93196.5 93068 91121.9 90993.4 90993.4 -
528.975 93751.2 93873.8 93698.8 91168.7 90993.7 90993.7 -
529.075 94528.3 94683.8 94448 91229.9 90994.2 90994.1 -
529.174 95423 95627.6 95313.1 91309.2 90994.7 90994.7 -
529.274 96488.4 96697.7 96282.6 91410.5 90995.4 90995.4 -
529.373 97696.8 97877.4 97335.1 91538.4 90996.3 90996.2 -
529.473 99106.2 99140.3 98439.3 91698.2 90997.4 90997.3 -
529.572 100234 100451 99554.2 91895.4 90998.6 90998.5 -
529.672 101430 101768 100632 92135.6 91000.1 90999.9 -
529.771 102998 103043 101620 92424.8 91001.8 91001.5 -
529.871 104419 104231 102466 92768.5 91003.8 91003.3 -
529.97 106005 105290 103122 93172.1 91006 91005.3 -
530.07 106590 106183 103550 93639.7 91008.5 91007.5 -
530.169 106421 106890 103724 94174.4 91011.4 91009.7 -
530.269 107468 107400 103632 94777.7 91014.5 91012.1 -
530.368 107974 107719 103281 95449 91018.1 91014.6 -
530.468 107630 107865 102692 96185.2 91022.1 91017.1 -
530.567 107828 107870 101901 96980.7 91026.8 91019.6 -
530.667 107698 107769 100954 97827 91032.3 91022.1 -
530.766 107399 107603 99901.1 98712.5 91038.9 91024.6 -
530.866 107151 107411 98795.7 99622.9 91046.8 91027.1 -
530.965 107097 107226 97687.4 100541 91056.6 91029.6 -
531.065 107240 107073 96619.3 101449 91068.7 91032 -
531.164 107144 106966 95626 102325 91083.6 91034.4 -
531.264 107081 106908 94731.8 103148 91102.2 91036.8 -
531.363 106934 106894 93950.9 103896 91125.1 91039.1 -
531.463 106894 106909 93288.4 104550 91153.4 91041.5 -
531.562 106834 106932 92741.7 105090 91188 91043.9 -
531.662 106828 106941 92302.6 105501 91229.9 91046.3 -
531.761 107321 106913 91958.9 105771 91280.3 91048.7 -
531.861 107131 106826 91696.9 105891 91340.2 91051 -
531.96 106719 106663 91502.2 105857 91410.7 91053.4 -
532.06 106160 106413 91361.1 105671 91492.6 91055.7 -
532.159 105984 106070 91261.5 105338 91586.7 91058 -
532.259 105534 105635 91193 104870 91693.4 91060.3 -
532.358 104976 105114 91147.3 104279 91812.8 91062.5 -
532.458 104367 104516 91117.6 103582 91944.8 91064.6 -
532.557 103689 103855 91099.1 102801 92088.4 91066.6 -
532.657 103099 103148 91088 101954 92242.5 91068.5 -
532.756 102248 102412 91081.8 101065 92405.3 91070.3 -
532.856 101489 101663 91078.6 100154 92574.3 91072 -
532.955 100766 100918 91077.3 99241.3 92746.8 91073.6 -
533.055 100237 100191 91077.1 98344.5 92919.4 91075.1 -
533.154 100093 99492.8 91077.5 97479.7 93088.4 91076.4 -
533.254 99564.1 98832.6 91078.3 96659.8 93249.9 91077.7 -
533.353 98194 98216.2 91079.2 95894.9 93399.8 91078.9 -
533.453 97382.3 97646.7 91080.1 95192.2 93534.3 91079.9 -
533.552 97110.9 97124.7 91081 94556 93649.6 91080.9 -
533.652 96955.6 96648.7 91081.9 93988.2 93742.3 91081.8 -
533.751 96447.7 96215.5 91082.7 93488.3 93809.9 91082.7 -
533.851 95752.4 95820.8 91083.4 93054 93850.2 91083.4 -
533.95 95306.4 95459.7 91084.1 92681.7 93862.1 91084.1 -
534.05 95240 95127.1 91084.8 92366.6 93845.2 91084.8 -
534.149 94761.8 94818 91085.4 92103.3 93800.1 91085.4 -
534.249 94002.9 94528.1 91086 91885.9 93728.1 91086 -
534.348 93847.1 94253.7 91086.5 91708.6 93631.5 91086.5 -
534.448 93929.7 93992.1 91086.9 91565.9 93513.1 91086.9 -
534.547 93728.8 93741.3 91087.4 91452.2 93376.4 91087.4 -
534.647 93384.2 93500.2 91087.8 91362.9 93225.1 91087.8 -
534.746 93366.2 93268.5 91088.1 91293.4 93063.3 91088.1 -
534.846 92883.8 93046.4 91088.5 91240 92894.9 91088.5 -
534.945 92658.6 92834.6 91088.8 91199.5 92723.8 91088.8 -
535.045 92812.6 92633.8 91089 91169.2 92553.7 91089 -
535.144 92723.1 92445.1 91089.2 91146.6 92387.7 91089.2 -
535.244 92375.9 92269.4 91089.5 91130.1 92228.8 91089.5 -
535.343 92105.6 92107.5 91089.6 91118.1 92079 91089.6 -
535.443 91878.9 91959.8 91089.8 91109.6 91940 91089.8 -
535.542 91816.4 91826.6 91089.9 91103.5 91813.1 91089.9 -
535.642 91973 91708 91090 91099.3 91698.7 91090 -
535.741 91675.8 91603.4 91090.1 91096.3 91597.2 91090.1 -
535.841 91679.3 91512.4 91090.2 91094.3 91508.3 91090.2 -
535.94 91853.1 91434.1 91090.3 91093 91431.4 91090.3 -
536.04 91572.4 91367.6 91090.3 91092.1 91365.8 91090.3 -
536.139 91645.9 91311.7 91090.3 91091.5 91310.5 91090.3 -
536.239 91465.2 91265.3 91090.4 91091.1 91264.5 91090.4 -
536.338 91302.9 91227.2 91090.4 91090.9 91226.7 91090.4 -
536.438 91235.1 91196.3 91090.4 91090.7 91196.1 91090.4 -
536.537 91422.2 91171.6 91090.4 91090.6 91171.4 91090.4 -
536.637 91312.7 91152 91090.5 91090.6 91151.9 91090.5 -
536.736 91552.5 91136.7 91090.5 91090.5 91136.6 91090.5 -
536.836 91495.6 91124.8 91090.5 91090.5 91124.8 91090.5 -
536.935 91375.2 91115.7 91090.5 91090.5 91115.7 91090.5 -
537.035 91523.1 91108.9 91090.5 91090.5 91108.9 91090.5 -
537.134 91628.9 91103.7 91090.5 91090.5 91103.7 91090.5 -
537.234 91002 91099.9 91090.5 91090.5 91099.9 91090.5 -
537.333 90803.8 91097.1 91090.5 91090.5 91097.1 91090.5 -
537.433 90913.9 91095.1 91090.5 91090.5 91095.1 91090.5 -
537.532 90931.2 91093.7 91090.5 91090.5 91093.7 91090.5 -
537.632 91354.4 91092.7 91090.5 91090.5 91092.7 91090.5 -
537.731 91265.4 91092 91090.5 91090.5 91092 91090.5 -
537.831 91028.1 91091.5 91090.5 91090.5 91091.5 91090.5 -
537.93 90983.1 91091.2 91090.5 91090.5 91091.2 91090.5 -
538.03 91100.2 91090.9 91090.5 91090.5 91090.9 91090.5 -
538.129 91433.3 91090.8 91090.5 91090.5 91090.8 91090.5 -
538.229 91382.6 91090.7 91090.5 91090.5 91090.7 91090.5 -
538.328 91469.9 91090.6 91090.5 91090.5 91090.6 91090.5 -
538.428 91039.7 91090.6 91090.5 91090.5 91090.6 91090.5 -
538.527 91054.2 91090.5 91090.5 91090.5 91090.5 91090.5 -
538.627 91433.2 91090.5 91090.5 91090.5 91090.5 91090.5 -
538.726 91271.6 91090.5 91090.5 91090.5 91090.5 91090.5 -
538.826 91165.7 91090.5 91090.5 91090.5 91090.5 91090.5 -
538.925 91113.2 91090.5 91090.5 91090.5 91090.5 91090.5 -
539.025 90720.2 91090.5 91090.5 91090.5 91090.5 91090.5 -
539.124 90891.7 91090.5 91090.5 91090.5 91090.5 91090.5 -
539.224 90927.6 91090.5 91090.5 91090.5 91090.5 91090.5 -
539.323 91137 91090.5 91090.5 91090.5 91090.5 91090.5 -
539.423 90640.7 91090.5 91090.5 91090.5 91090.5 91090.5 -
539.522 90599.3 91090.5 91090.5 91090.5 91090.5 91090.5 -
539.622 90995.6 91090.5 91090.5 91090.5 91090.5 91090.5 -
539.721 91276.5 91090.5 91090.5 91090.5 91090.5 91090.5 -
539.821 90862.2 91090.5 91090.5 91090.5 91090.5 91090.5 -
539.92 90874.9 91090.5 91090.5 91090.5 91090.5 91090.5 -
540.02 91206.2 91090.5 91090.5 91090.5 91090.5 91090.5 -
540.119 91012.2 91090.5 91090.5 91090.5 91090.5 91090.5 -
540.219 90822.4 91090.5 91090.5 91090.5 91090.5 91090.5 -
540.318 90944.5 91090.5 91090.5 91090.5 91090.5 91090.5 -
540.418 91336.1 91090.5 91090.5 91090.5 91090.5 91090.5 -
540.517 90958.8 91090.5 91090.5 91090.5 91090.5 91090.5 -
540.617 90904.5 91090.5 91090.5 91090.5 91090.5 91090.5 -
540.716 90660.1 91090.5 91090.5 91090.5 91090.5 91090.5 -
540.816 90415 91090.5 91090.5 91090.5 91090.5 91090.5 -
540.915 91111.4 91090.5 91090.5 91090.5 91090.5 91090.5 -
541.015 90952.4 91090.5 91090.5 91090.5 91090.5 91090.5 -
541.114 91172.6 91090.5 91090.5 91090.5 91090.5 91090.5 -
541.214 91555.6 91090.5 91090.5 91090.5 91090.5 91090.5 -
541.313 90935.1 91090.5 91090.5 91090.5 91090.5 91090.5 -
541.413 90894.5 91090.5 91090.5 91090.5 91090.5 91090.5 -
541.512 91306.9 91090.5 91090.5 91090.5 91090.5 91090.5 -
541.612 91227.1 91090.5 91090.5 91090.5 91090.5 91090.5 -
541.711 90592.7 91090.5 91090.5 91090.5 91090.5 91090.5 -
541.811 90588.6 91090.5 91090.5 91090.5 91090.5 91090.5 -
541.91 90790.1 91090.5 91090.5 91090.5 91090.5 91090.5 -
542.01 90567.8 91090.5 91090.5 91090.5 91090.5 91090.5 -
542.109 90868.4 91090.5 91090.5 91090.5 91090.5 91090.5 -
542.209 90902.5 91090.5 91090.5 91090.5 91090.5 91090.5 -
542.308 90779.5 91090.5 91090.5 91090.5 91090.5 91090.5 -
542.408 91351.4 91090.5 91090.5 91090.5 91090.5 91090.5 -
542.507 91162.8 91090.5 91090.5 91090.5 91090.5 91090.5 -
542.607 90931.6 91090.5 91090.5 91090.5 91090.5 91090.5 -
542.706 91185.6 91090.5 91090.5 91090.5 91090.5 91090.5 -
542.806 91454.4 91090.5 91090.5 91090.5 91090.5 91090.5 -
542.905 90992.2 91090.5 91090.5 91090.5 91090.5 91090.5 -
543.005 90501.9 91090.5 91090.5 91090.5 91090.5 91090.5 -
543.104 90906.1 91090.5 91090.5 91090.5 91090.5 91090.5 -
543.204 90666 91090.5 91090.5 91090.5 91090.5 91090.5 -
543.303 91469.5 91090.5 91090.5 91090.5 91090.5 91090.5 -
543.403 91151.3 91090.5 91090.5 91090.5 91090.5 91090.5 -
543.502 91131.7 91090.5 91090.5 91090.5 91090.5 91090.5 -
543.602 91277.2 91090.5 91090.5 91090.5 91090.5 91090.5 -
543.701 91425.8 91090.5 91090.5 91090.5 91090.5 91090.5 -
543.801 90889.2 91090.5 91090.5 91090.5 91090.5 91090.5 -
543.9 91211.4 91090.5 91090.5 91090.5 91090.5 91090.5 -
544 91494 91090.5 91090.5 91090.5 91090.5 91090.5 91090.5
