278.1 9990 10098.9 10098.9 10098.9 10098.9 10098.9 10098.9 10098.9
278.199 9587.53 10098.9 10098.9 10098.9 10098.9 10098.9 10098.9 -
278.299 9925.69 10098.9 10098.9 10098.9 10098.9 10098.9 10098.9 -
278.398 9965.33 10098.9 10098.9 10098.9 10098.9 10098.9 10098.9 -
278.497 9946.5 10098.9 10098.9 10098.9 10098.9 10098.9 10098.9 -
278.597 9941.16 10098.9 10098.9 10098.9 10098.9 10098.9 10098.9 -
278.696 10089.2 10098.9 10098.9 10098.9 10098.9 10098.9 10098.9 -
278.796 10061.5 10098.9 10098.9 10098.9 10098.9 10098.9 10098.9 -
278.895 9934.6 10098.9 10098.9 10098.9 10098.9 10098.9 10098.9 -
278.994 9834.57 10098.9 10098.9 10098.9 10098.9 10098.9 10098.9 -
279.094 9806.5 10098.9 10098.9 10098.9 10098.9 10098.9 10098.9 -
279.193 9875.78 10098.9 10098.9 10098.9 10098.9 10098.9 10098.9 -
279.292 9915.23 10098.9 10098.9 10098.9 10098.9 10098.9 10098.9 -
279.392 9968.53 10098.9 10098.9 10098.9 10098.9 10098.9 10098.9 -
279.491 9722.06 10098.9 10098.9 10098.9 10098.9 10098.9 10098.9 -
279.591 9886.5 10098.9 10098.9 10098.9 10098.9 10098.9 10098.9 -
279.69 9896.1 10098.9 10098.9 10098.9 10098.9 10098.9 10098.9 -
279.789 9947.73 10098.9 10098.9 10098.9 10098.9 10098.9 10098.9 -
279.889 10039.2 10098.9 10098.9 10098.9 10098.9 10098.9 10098.9 -
279.988 10001.5 10098.9 10098.9 10098.9 10098.9 10098.9 10098.9 -
280.087 9978.37 10098.9 10098.9 10098.9 10098.9 10098.9 10098.9 -
280.187 9927.35 10098.9 10098.9 10098.9 10098.9 10098.9 10098.9 -
280.286 10062.3 10098.9 10098.9 10098.9 10098.9 10098.9 10098.9 -
280.386 9953.99 10098.9 10098.9 10098.9 10098.9 10098.9 10098.9 -
280.485 9927.75 10098.9 10098.9 10098.9 10098.9 10098.9 10098.9 -
280.584 9922.78 10098.9 10098.9 10098.9 10098.9 10098.9 10098.9 -
280.684 9919.49 10098.9 10098.9 10098.9 10098.9 10098.9 10098.9 -
280.783 10023.7 10098.9 10098.9 10098.9 10098.9 10098.9 10098.9 -
280.882 9960.85 10098.9 10098.9 10098.9 10098.9 10098.9 10098.9 -
280.982 10069.9 10099 10099 10098.9 10098.9 10098.9 10098.9 -
281.081 10063.1 10099.1 10099.1 10098.9 10098.9 10098.9 10098.9 -
281.181 10023.6 10099.2 10099.2 10098.9 10098.9 10098.9 10098.9 -
281.28 10071.2 10099.5 10099.5 10098.9 10098.9 10098.9 10098.9 -
281.379 10052.5 10100.1 10100.1 10098.9 10098.9 10098.9 10098.9 -
281.479 10029.8 10101.2 10101.2 10098.9 10098.9 10098.9 10098.9 -
281.578 10087.7 10103.1 10103.1 10098.9 10098.9 10098.9 10098.9 -
281.677 10261.6 10106.4 10106.4 10098.9 10098.9 10098.9 10098.9 -
281.777 10189.4 10112.1 10112.1 10098.9 10098.9 10098.9 10098.9 -
281.876 10184.5 10121.5 10121.5 10098.9 10098.9 10098.9 10098.9 -
281.976 10172.1 10137 10137 10099 10099 10099 10099 -
282.075 10239.2 10161.7 10161.7 10099 10099 10099 10099 -
282.174 10282.6 10200.2 10200.2 10099.1 10099.1 10099.1 10099.1 -
282.274 10442.4 10258.9 10258.9 10099.2 10099.2 10099.2 10099.2 -
282.373 10555.5 10346.4 10346.4 10099.4 10099.4 10099.4 10099.4 -
282.472 10717.7 10473.7 10473.7 10099.7 10099.7 10099.7 10099.7 -
282.572 10878.8 10654.7 10654.7 10100.1 10100.1 10100.1 10100.1 -
282.671 11016.5 10905.8 10905.7 10100.8 10100.7 10100.7 10100.7 -
282.771 11321.3 11245.8 11245.6 10101.8 10101.7 10101.7 10101.7 -
282.87 11782 11694.9 11694.6 10103.3 10103 10103 10103 -
282.969 12358.7 12273.5 12272.9 10105.4 10104.8 10104.8 10104.8 -
283.069 12938.9 12999.9 12998.8 10108.4 10107.3 10107.3 10107.3 -
283.168 13754 13887.9 13886.1 10112.5 10110.7 10110.7 10110.7 -
283.267 14732.4 14944.5 14941.3 10118.3 10115 10115 10115 -
283.367 15874.5 16166.4 16161 10126 10120.6 10120.6 10120.6 -
283.466 17458.6 17538.1 17529.1 10136.6 10127.6 10127.6 10127.6 -
283.566 18906.6 19030 19015.5 10150.6 10136.1 10136.1 10136.1 -
283.665 20646.1 20598.5 20575.5 10169.4 10146.4 10146.4 10146.4 -
283.764 22214.4 22186.9 22151.2 10194.2 10158.4 10158.5 10158.4 -
283.864 23735.1 23728.6 23674.2 10226.7 10172.3 10172.3 10172.3 -
283.963 25206 25151.4 25070.3 10269 10188 10188 10188 -
284.062 26491.2 26384 26265.5 10323.7 10205.2 10205.3 10205.2 -
284.162 27580.8 27362 27192.3 10393.5 10223.9 10224 10223.9 -
284.261 28281.8 28034 27795.9 10481.6 10243.7 10243.8 10243.7 -
284.361 28403.4 28367.2 28039.9 10591.3 10264.2 10264.4 10264.2 -
284.46 28315.2 28351 27910 10725.8 10285.1 10285.4 10285.1 -
284.559 27941.5 27997.4 27415.2 10887.7 10305.9 10306.4 10305.9 -
284.659 27171.9 27340.3 26587 11078.9 10326.4 10327 10326.4 -
284.758 26236.3 26431.4 25476.4 11299.9 10346 10347 10346 -
284.857 25068.5 25334.8 24148.3 11549.5 10364.6 10366 10364.6 -
284.957 23885.6 24120.2 22675.7 11824.2 10381.9 10383.9 10381.8 -
285.056 22921.6 22856.5 21133 12118.2 10397.8 10400.6 10397.7 -
285.156 21797.7 21605.3 19590 12423.1 10412.3 10416.2 10412.1 -
285.255 20481.5 20416.6 18107 12728.4 10425.4 10430.7 10425 -
285.354 19506.9 19325.9 16731.8 13021.8 10437.4 10444.4 10436.5 -
285.454 18660.2 18353.5 15497.5 13290.2 10448.6 10457.5 10446.8 -
285.553 17687.5 17505.9 14423.3 13520.4 10459.5 10470.3 10455.9 -
285.652 16795.8 16777.7 13515.1 13700.5 10470.8 10483.2 10464 -
285.752 16139 16155.8 12768.6 13820.8 10483.6 10496.7 10471.3 -
285.851 15681.8 15622.8 12171.3 13874.7 10499.3 10511 10477.9 -
285.951 15033 15160.7 11706 13859.5 10519.9 10526.7 10483.8 -
286.05 14549 14753.7 11352.8 13776.5 10547.8 10544.1 10489.2 -
286.149 14283.7 14390 11091.5 13631.1 10586.1 10563.7 10494.1 -
286.249 13943 14063.1 10903.2 13432 10637.8 10585.8 10498.6 -
286.348 13682.8 13770.7 10771 13190.7 10706.2 10610.9 10502.7 -
286.447 13486.1 13514.3 10680.7 12920.1 10793.7 10639.4 10506.5 -
286.547 13246.8 13297.1 10620.7 12633.7 10901.2 10671.5 10510 -
286.646 13051.4 13122.1 10582.1 12344.3 11027.8 10707.5 10513.2 -
286.746 13052.4 12990 10558.2 12063.3 11169.6 10747.5 10516.2 -
286.845 13048.5 12898.5 10544.1 11800 11320 10791.5 10519 -
286.944 12968.3 12841.4 10536.4 11561.1 11469.7 10839.6 10521.8 -
287.044 12865.4 12808.9 10532.8 11350.7 11607.5 10891.2 10524.5 -
287.143 12906.2 12789 10531.8 11170.8 11721.7 10946 10527.1 -
287.242 12815.9 12769.4 10532.3 11021.1 11801.8 11003.2 10529.7 -
287.342 12657.6 12738.9 10533.7 10899.9 11840.1 11062.1 10532.3 -
287.441 12597.6 12689.7 10535.6 10804.4 11832.9 11121.5 10534.8 -
287.541 12483.6 12617.9 10537.7 10730.9 11781.1 11180.2 10537.3 -
287.64 12473.2 12524 10539.9 10676 11690.3 11237 10539.7 -
287.739 12438.9 12412.1 10542.1 10636 11569.5 11290.5 10542 -
287.839 12269.6 12288.8 10544.2 10607.7 11430.1 11339.4 10544.2 -
287.938 12134.1 12161.8 10546.2 10588.3 11283.6 11382.3 10546.2 -
288.037 11954.4 12038 10548.1 10575.4 11140.6 11418.1 10548.1 -
288.137 11969 11923 10549.8 10567.2 11009.5 11445.9 10549.8 -
288.236 11912.7 11819.9 10551.4 10562.2 10895.7 11464.8 10551.4 -
288.336 11835.3 11729.9 10552.8 10559.4 10801.8 11474.3 10552.8 -
288.435 11748.4 11652 10554.2 10558.1 10728 11474.2 10554.2 -
288.534 11654.5 11584.1 10555.5 10557.8 10672.6 11464.6 10555.5 -
288.634 11444.8 11523.3 10556.6 10558 10632.8 11445.8 10556.6 -
288.733 11324.5 11467 10557.8 10558.5 10605.6 11418.4 10557.8 -
288.832 11429.3 11412.7 10558.8 10559.2 10587.8 11383.3 10558.8 -
288.932 11429.5 11358.7 10559.8 10560 10576.8 11341.4 10559.8 -
289.031 11149.7 11303.9 10560.7 10560.8 10570.3 11294.2 10560.7 -
289.131 11193.4 11248 10561.6 10561.6 10566.8 11242.7 10561.6 -
289.23 11195.1 11191.2 10562.4 10562.4 10565.1 11188.4 10562.4 -
289.329 11127.4 11134 10563.1 10563.1 10564.5 11132.6 10563.1 -
289.429 11221.8 11077.1 10563.7 10563.8 10564.4 11076.4 10563.7 -
289.528 11077.5 11021.5 10564.3 10564.3 10564.7 11021.2 10564.3 -
289.627 10908.7 10967.9 10564.9 10564.9 10565 10967.7 10564.9 -
289.727 10997.5 10917 10565.3 10565.3 10565.4 10916.9 10565.3 -
289.826 10668.3 10869.5 10565.7 10565.7 10565.8 10869.4 10565.7 -
289.926 10864.3 10825.7 10566.1 10566.1 10566.1 10825.7 10566.1 -
290.025 10784 10786.1 10566.4 10566.4 10566.4 10786.1 10566.4 -
290.124 10790.5 10750.6 10566.6 10566.6 10566.6 10750.6 10566.6 -
290.224 10733.6 10719.3 10566.9 10566.9 10566.9 10719.3 10566.9 -
290.323 10682.6 10692.1 10567 10567 10567 10692.1 10567 -
290.422 10707.7 10668.7 10567.2 10567.2 10567.2 10668.7 10567.2 -
290.522 10626.7 10648.8 10567.3 10567.3 10567.3 10648.8 10567.3 -
290.621 10719.8 10632.2 10567.4 10567.4 10567.4 10632.2 10567.4 -
290.721 10628.7 10618.5 10567.5 10567.5 10567.5 10618.5 10567.5 -
290.82 10682.8 10607.3 10567.5 10567.5 10567.5 10607.3 10567.5 -
290.919 10727.1 10598.2 10567.6 10567.6 10567.6 10598.2 10567.6 -
291.019 10617.9 10591 10567.6 10567.6 10567.6 10591 10567.6 -
291.118 10588 10585.3 10567.6 10567.6 10567.6 10585.3 10567.6 -
291.217 10736.2 10580.8 10567.6 10567.6 10567.6 10580.8 10567.6 -
291.317 10739.9 10577.4 10567.7 10567.7 10567.7 10577.4 10567.7 -
291.416 10585 10574.8 10567.7 10567.7 10567.7 10574.8 10567.7 -
291.516 10661.9 10572.9 10567.7 10567.7 10567.7 10572.9 10567.7 -
291.615 10568 10571.4 10567.7 10567.7 10567.7 10571.4 10567.7 -
291.714 10557.6 10570.3 10567.7 10567.7 10567.7 10570.3 10567.7 -
291.814 10724 10569.5 10567.7 10567.7 10567.7 10569.5 10567.7 -
291.913 10654.6 10569 10567.7 10567.7 10567.7 10569 10567.7 -
292.012 10606.4 10568.6 10567.7 10567.7 10567.7 10568.6 10567.7 -
292.112 10559.9 10568.3 10567.7 10567.7 10567.7 10568.3 10567.7 -
292.211 10501.7 10568.1 10567.7 10567.7 10567.7 10568.1 10567.7 -
292.311 10448.6 10568 10567.7 10567.7 10567.7 10568 10567.7 -
292.41 10388.7 10567.9 10567.7 10567.7 10567.7 10567.9 10567.7 -
292.509 10685.1 10567.8 10567.7 10567.7 10567.7 10567.8 10567.7 -
292.609 10456.5 10567.8 10567.7 10567.7 10567.7 10567.8 10567.7 -
292.708 10580.9 10567.7 10567.7 10567.7 10567.7 10567.7 10567.7 -
292.807 10510.7 10567.7 10567.7 10567.7 10567.7 10567.7 10567.7 -
292.907 10491.5 10567.7 10567.7 10567.7 10567.7 10567.7 10567.7 -
293.006 10466.5 10567.7 10567.7 10567.7 10567.7 10567.7 10567.7 -
293.106 10590 10567.7 10567.7 10567.7 10567.7 10567.7 10567.7 -
293.205 10279.2 10567.7 10567.7 10567.7 10567.7 10567.7 10567.7 -
293.304 10441.3 10567.7 10567.7 10567.7 10567.7 10567.7 10567.7 -
293.404 10576.3 10567.7 10567.7 10567.7 10567.7 10567.7 10567.7 -
293.503 10506.5 10567.7 10567.7 10567.7 10567.7 10567.7 10567.7 -
293.602 10489.2 10567.7 10567.7 10567.7 10567.7 10567.7 10567.7 -
293.702 10380.4 10567.7 10567.7 10567.7 10567.7 10567.7 10567.7 -
293.801 10454 10567.7 10567.7 10567.7 10567.7 10567.7 10567.7 -
293.901 10455.8 10567.7 10567.7 10567.7 10567.7 10567.7 10567.7 -
294 10266 10567.7 10567.7 10567.7 10567.7 10567.7 10567.7 10567.7
