565.1 457604 465421 446290 446290 465421 446290 465421
565.2 458229 466046 446437 446437 466046 446437 -
565.299 458843 466689 446585 446585 466689 446585 -
565.399 460337 467354 446735 446735 467354 446735 -
565.498 460814 468039 446887 446887 468039 446887 -
565.598 461858 468748 447041 447041 468748 447041 -
565.698 463001 469479 447197 447197 469479 447197 -
565.797 464434 470236 447355 447355 470236 447355 -
565.897 464912 471019 447516 447516 471019 447516 -
565.997 465295 471830 447678 447678 471830 447678 -
566.096 466260 472670 447843 447843 472670 447843 -
566.196 468421 473540 448010 448010 473540 448010 -
566.295 469709 474444 448179 448180 474444 448180 -
566.395 470466 475382 448352 448352 475382 448352 -
566.495 470566 476357 448527 448527 476357 448527 -
566.594 472684 477371 448705 448705 477371 448705 -
566.694 473941 478427 448886 448886 478427 448886 -
566.793 476114 479528 449070 449070 479528 449070 -
566.893 475986 480678 449257 449257 480678 449257 -
566.993 480154 481879 449448 449448 481879 449448 -
567.092 480831 483136 449642 449642 483136 449642 -
567.192 482963 484454 449840 449840 484454 449840 -
567.292 484684 485838 450042 450042 485838 450042 -
567.391 486908 487295 450249 450249 487295 450249 -
567.491 489497 488829 450459 450460 488830 450460 -
567.59 491710 490451 450675 450675 490451 450675 -
567.69 494144 492167 450896 450896 492167 450896 -
567.79 496518 493989 451122 451122 493989 451122 -
567.889 500108 495926 451353 451353 495926 451353 -
567.989 501875 497993 451591 451591 497993 451591 -
568.088 505495 500202 451835 451835 500202 451835 -
568.188 506668 502571 452087 452087 502571 452087 -
568.288 511187 505116 452345 452346 505116 452346 -
568.387 515038 507859 452613 452613 507859 452613 -
568.487 519611 510822 452888 452889 510822 452889 -
568.587 523236 514029 453174 453174 514029 453174 -
568.686 526194 517508 453470 453470 517508 453470 -
568.786 530412 521289 453777 453777 521289 453777 -
568.885 536477 525406 454097 454097 525406 454097 -
568.985 541272 529893 454430 454430 529893 454430 -
569.085 546900 534789 454778 454778 534790 454778 -
569.184 551727 540136 455142 455142 540136 455142 -
569.284 559684 545977 455524 455524 545978 455524 -
569.383 564830 552359 455926 455926 552359 455926 -
569.483 571143 559329 456349 456349 559329 456349 -
569.583 579124 566937 456795 456795 566937 456795 -
569.682 586988 575234 457267 457267 575235 457267 -
569.782 596062 584273 457766 457766 584274 457766 -
569.882 605231 594105 458296 458297 594105 458297 -
569.981 615802 604781 458860 458860 604782 458860 -
570.081 625344 616351 459459 459459 616351 459459 -
570.18 636190 628862 460098 460098 628862 460098 -
570.28 648869 642357 460779 460779 642357 460779 -
570.38 661801 656876 461507 461505 656875 461505 -
570.479 675224 672453 462284 462281 672450 462281 -
570.579 691431 689115 463117 463109 689107 463109 -
570.678 706774 706881 464009 463995 706866 463994 -
570.778 725016 725762 464967 464940 725734 464939 -
570.878 743666 745759 465999 465949 745708 465949 -
570.977 762663 766862 467116 467026 766770 467025 -
571.077 784093 789050 468331 468175 788891 468174 -
571.177 806842 812288 469664 469400 812019 469397 -
571.276 831383 836527 471137 470703 836085 470699 -
571.376 856568 861703 472781 472089 860997 472082 -
571.475 882294 887731 474636 473561 886636 473551 -
571.575 910817 914505 476746 475122 912851 475107 -
571.675 936848 941890 479159 476775 939461 476753 -
571.774 968050 969714 481927 478524 966245 478491 -
571.874 997741 997762 485095 480370 992942 480322 -
571.973 1.02844e+06 1.02577e+06 488693 482317 1.01925e+06 482247 -
572.073 1.05628e+06 1.05339e+06 492733 484365 1.04482e+06 484265 -
572.173 1.08388e+06 1.08024e+06 497194 486517 1.06928e+06 486374 -
572.272 1.11138e+06 1.10585e+06 502017 488773 1.0922e+06 488571 -
572.372 1.13634e+06 1.1297e+06 507102 491134 1.11317e+06 490853 -
572.472 1.15569e+06 1.15123e+06 512310 493598 1.13174e+06 493211 -
572.571 1.17096e+06 1.16986e+06 517471 496167 1.1475e+06 495638 -
572.671 1.18487e+06 1.18507e+06 522397 498837 1.16009e+06 498123 -
572.77 1.19521e+06 1.1964e+06 526901 501608 1.1692e+06 500654 -
572.87 1.19957e+06 1.20349e+06 530819 504479 1.17462e+06 503216 -
572.97 1.20115e+06 1.20632e+06 534028 507449 1.17644e+06 505795 -
573.069 1.19745e+06 1.20519e+06 536390 510518 1.17504e+06 508376 -
573.169 1.19006e+06 1.20004e+06 537711 513690 1.17052e+06 510943 -
573.268 1.18125e+06 1.19116e+06 538100 516970 1.16306e+06 513484 -
573.368 1.171e+06 1.17904e+06 537773 520363 1.15287e+06 515984 -
573.468 1.15681e+06 1.16424e+06 536995 523876 1.14024e+06 518433 -
573.567 1.14173e+06 1.14738e+06 536041 527516 1.12547e+06 520820 -
573.667 1.12486e+06 1.12904e+06 535152 531291 1.10888e+06 523140 -
573.767 1.10698e+06 1.10976e+06 534510 535208 1.09081e+06 525387 -
573.866 1.08836e+06 1.08996e+06 534227 539267 1.07158e+06 527557 -
573.966 1.07146e+06 1.06999e+06 534343 543468 1.05148e+06 529650 -
574.065 1.05167e+06 1.05011e+06 534842 547802 1.0308e+06 531664 -
574.165 1.03093e+06 1.03049e+06 535672 552253 1.00977e+06 533601 -
574.265 1.01219e+06 1.01126e+06 536760 556795 988627 535461 -
574.364 993488 992490 538031 561397 967556 537247 -
574.464 976102 974231 539415 566015 946720 538960 -
574.563 957353 956510 540857 570598 926259 540602 -
574.663 940092 939338 542312 575088 906288 542175 -
574.763 923675 922713 543753 579422 886902 543682 -
574.862 907983 906621 545160 583533 868177 545125 -
574.962 892734 891039 546522 587355 850173 546506 -
575.062 878183 875938 547834 590822 832935 547826 -
575.161 864559 861286 549092 593876 816495 549089 -
575.261 850693 847048 550296 596466 800875 550294 -
575.36 837071 833191 551446 598552 786084 551446 -
575.46 823983 819690 552543 600107 772126 552543 -
575.56 810761 806523 553589 601117 758995 553590 -
575.659 799713 793680 554585 601586 746679 554585 -
575.759 788704 781158 555532 601532 735158 555532 -
575.858 776918 768965 556431 600985 724411 556431 -
575.958 765095 757119 557283 599991 714411 557283 -
576.058 754342 745641 558090 598606 705126 558091 -
576.157 744875 734562 558854 596892 696525 558854 -
576.257 735260 723915 559576 594918 688573 559576 -
576.357 724938 713732 560257 592756 681234 560258 -
576.456 715639 704045 560900 590474 674471 560900 -
576.556 708229 694883 561506 588141 668249 561507 -
576.655 700344 686270 562078 585818 662530 562078 -
576.755 693003 678220 562617 583557 657280 562617 -
576.855 685026 670743 563125 581406 652463 563126 -
576.954 677346 663839 563606 579398 648046 563606 -
577.054 670429 657500 564060 577563 643997 564060 -
577.153 664559 651711 564489 575915 640286 564489 -
577.253 659039 646451 564897 574465 636883 564897 -
577.353 653894 641692 565285 573214 633763 565285 -
577.452 648060 637403 565654 572158 630899 565654 -
577.552 642949 633548 566007 571286 628269 566007 -
577.652 639124 630091 566345 570586 625851 566345 -
577.751 634138 626996 566669 570041 623625 566669 -
577.851 629448 624225 566982 569634 621573 566982 -
577.95 624622 621744 567283 569349 619678 567283 -
578.05 621267 619518 567575 569166 617927 567575 -
578.15 618267 617517 567857 569071 616303 567857 -
578.249 614895 615713 568132 569048 614797 568132 -
578.349 612128 614080 568399 569083 613396 568399 -
578.448 608602 612597 568659 569165 612091 568660 -
578.548 606377 611242 568914 569284 610873 568914 -
578.648 604228 610001 569162 569430 609733 569162 -
578.747 601123 608857 569405 569598 608665 569406 -
578.847 598549 607799 569644 569780 607663 569644 -
578.947 596385 606816 569878 569973 606721 569878 -
579.046 595033 605900 570107 570174 605834 570107 -
579.146 593473 605042 570333 570378 604997 570333 -
579.245 591598 604237 570554 570585 604206 570554 -
579.345 590559 603480 570772 570793 603459 570772 -
579.445 589302 602765 570987 571001 602752 570987 -
579.544 587775 602090 571198 571207 602081 571198 -
579.644 586491 601451 571406 571412 601445 571406 -
579.743 585932 600845 571611 571615 600841 571611 -
579.843 585317 600270 571813 571816 600268 571813 -
579.943 584301 599724 572013 572014 599722 572013 -
580.042 583918 599204 572209 572211 599203 572210 -
580.142 582897 598710 572404 572405 598710 572404 -
580.242 582001 598240 572596 572596 598240 572596 -
580.341 580686 597792 572785 572786 597792 572785 -
580.441 578974 597365 572973 572973 597365 572973 -
580.54 579871 596959 573158 573158 596959 573158 -
580.64 580552 596572 573341 573341 596572 573341 -
580.74 579136 596203 573523 573522 596202 573522 -
580.839 578623 595853 573703 573701 595850 573701 -
580.939 579264 595519 573883 573878 595515 573878 -
581.038 578501 595204 574063 574054 595195 574054 -
581.138 578000 594908 574246 574227 594890 574227 -
581.238 579386 594634 574434 574400 594599 574399 -
581.337 579516 594385 574632 574570 594322 574570 -
581.437 579013 594169 574849 574740 594058 574739 -
581.537 578857 593996 575094 574908 593806 574906 -
581.636 579515 593882 575385 575076 593567 575073 -
581.736 580213 593848 575743 575243 593339 575238 -
581.835 581249 593923 576196 575410 593123 575403 -
581.935 582512 594141 576779 575578 592919 575567 -
582.035 584222 594542 577532 575748 592726 575732 -
582.134 587295 595170 578499 575921 592545 575897 -
582.234 590609 596067 579720 576100 592375 576064 -
582.333 593944 597267 581231 576285 592219 576234 -
582.433 597017 598793 583051 576482 592076 576407 -
582.533 600486 600641 585174 576692 591946 576586 -
582.632 604493 602781 587569 576920 591832 576770 -
582.732 609510 605150 590168 577171 591733 576961 -
582.832 613018 607649 592867 577451 591650 577160 -
582.931 614885 610152 595536 577766 591584 577367 -
583.031 616363 612515 598023 578124 591533 577582 -
583.13 617815 614590 600171 578533 591497 577805 -
583.23 618082 616242 601835 579002 591475 578035 -
583.33 617808 617369 602902 579541 591465 578270 -
583.429 616901 617905 603293 580163 591464 578507 -
583.529 615217 617675 602817 580879 591471 578746 -
583.628 614344 616701 601483 581703 591483 578984 -
583.728 613712 615168 599458 582648 591496 579217 -
583.828 612030 613320 596970 583728 591509 579443 -
583.927 610229 611421 594269 584958 591519 579663 -
584.027 609650 609721 591591 586351 591528 579875 -
584.127 609401 608420 589125 587920 591535 580080 -
584.226 608348 607654 587000 589671 591542 580280 -
584.326 608208 607491 585282 591610 591550 580476 -
584.425 608380 607934 583979 593735 591561 580671 -
584.525 608235 608939 583059 596036 591578 580867 -
584.625 607744 610432 582463 598498 591603 581066 -
584.724 609094 612318 582127 601095 591636 581269 -
584.824 610846 614499 581985 603793 591679 581479 -
584.923 611050 616875 581983 606550 591733 581695 -
585.023 612121 619355 582077 609319 591798 581920 -
585.123 614399 621850 582234 612043 591876 582152 -
585.222 614379 624280 582434 614666 591965 582392 -
585.322 616234 626571 582661 617126 592065 582640 -
585.422 616313 628653 582905 619363 592177 582896 -
585.521 617261 630466 583162 621322 592298 583158 -
585.621 618549 631957 583427 622953 592427 583425 -
585.72 618909 633081 583698 624214 592564 583697 -
585.82 620150 633808 583972 625073 592708 583972 -
585.92 619378 634117 584249 625511 592855 584249 -
586.019 620707 634001 584525 625521 593006 584526 -
586.119 621236 633468 584801 625111 593158 584801 -
586.218 620030 632535 585073 624299 593310 585074 -
586.318 619971 631236 585342 623118 593460 585342 -
586.418 617956 629611 585604 621608 593608 585605 -
586.517 617840 627710 585860 619820 593751 585861 -
586.617 615897 625589 586109 617810 593888 586109 -
586.717 616396 623306 586349 615635 594020 586349 -
586.816 616298 620920 586580 613355 594145 586580 -
586.916 616185 618490 586802 611029 594263 586802 -
587.015 613336 616068 587014 608709 594374 587014 -
587.115 612365 613702 587217 606443 594477 587217 -
587.215 611826 611435 587411 604273 594573 587411 -
587.314 611190 609298 587596 602232 594662 587596 -
587.414 611387 607317 587773 600345 594745 587773 -
587.513 611036 605510 587942 598630 594823 587942 -
587.613 609196 603887 588104 597096 594895 588104 -
587.713 608964 602449 588260 595747 594962 588260 -
587.812 610295 601195 588410 594580 595026 588410 -
587.912 609936 600117 588556 593587 595086 588556 -
588.012 609103 599204 588696 592757 595144 588696 -
588.111 608926 598442 588834 592077 595199 588834 -
588.211 608555 597816 588967 591531 595253 588968 -
588.31 609546 597311 589099 591104 595305 589099 -
588.41 610346 596910 589228 590780 595357 589228 -
588.51 610125 596598 589355 590544 595408 589355 -
588.609 608771 596361 589480 590382 595459 589480 -
588.709 608236 596188 589605 590282 595511 589605 -
588.808 608901 596065 589728 590231 595562 589728 -
588.908 609518 595984 589850 590220 595614 589850 -
589.008 609944 595935 589972 590240 595667 589972 -
589.107 610692 595913 590093 590286 595720 590093 -
589.207 609704 595911 590213 590351 595774 590213 -
589.307 610262 595925 590333 590430 595828 590333 -
589.406 610767 595951 590453 590521 595884 590453 -
589.506 611675 595987 590572 590619 595940 590572 -
589.605 612267 596029 590691 590723 595997 590691 -
589.705 611806 596076 590810 590832 596054 590810 -
589.805 611400 596128 590929 590943 596113 590929 -
589.904 612744 596182 591047 591057 596172 591047 -
590.004 613097 596239 591165 591171 596233 591165 -
590.103 613700 596298 591283 591287 596294 591283 -
590.203 613438 596358 591400 591403 596355 591401 -
590.303 613822 596419 591518 591520 596418 591518 -
590.402 615707 596482 591635 591636 596481 591635 -
590.502 614856 596545 591752 591753 596545 591752 -
590.602 615737 596609 591869 591870 596609 591869 -
590.701 615966 596675 591986 591986 596674 591986 -
590.801 616821 596740 592102 592103 596740 592102 -
590.9 615961 596807 592219 592219 596807 592219 -
591 618498 596874 592335 592335 596874 592335 596874
