1100 6183
1099.74 6256
1099.48 6118
1099.21 6287
1098.95 6209
1098.69 6184
1098.43 6192
1098.17 6117
1097.9 6160
1097.64 6133
1097.38 6247
1097.12 6309
1096.86 6147
1096.59 6148
1096.33 6196
1096.07 6101
1095.81 6243
1095.55 6169
1095.28 6217
1095.02 6089
1094.76 6172
1094.5 6163
1094.24 6153
1093.97 6169
1093.71 6110
1093.45 6200
1093.19 6095
1092.93 6246
1092.66 6144
1092.4 6288
1092.14 6168
1091.88 6045
1091.62 6229
1091.35 6150
1091.09 6269
1090.83 6142
1090.57 6417
1090.31 6224
1090.04 6325
1089.78 6264
1089.52 6352
1089.26 6375
1089 6147
1088.73 6215
1088.47 6254
1088.21 6165
1087.95 6277
1087.69 6076
1087.43 6210
1087.16 6228
1086.9 6438
1086.64 6229
1086.38 6210
1086.12 6258
1085.85 6220
1085.59 6222
1085.33 6250
1085.07 6243
1084.81 6273
1084.54 6293
1084.28 6300
1084.02 6365
1083.76 6200
1083.5 6188
1083.23 6124
1082.97 6145
1082.71 6325
1082.45 6403
1082.19 6146
1081.92 6238
1081.66 6259
1081.4 6229
1081.14 6268
1080.88 6322
1080.61 6375
1080.35 6348
1080.09 6320
1079.83 6233
1079.57 6331
1079.3 6309
1079.04 6247
1078.78 6370
1078.52 6282
1078.26 6406
1077.99 6229
1077.73 6309
1077.47 6287
1077.21 6262
1076.95 6324
1076.68 6281
1076.42 6208
1076.16 6409
1075.9 6217
1075.64 6383
1075.37 6289
1075.11 6360
1074.85 6402
1074.59 6373
1074.33 6268
1074.06 6422
1073.8 6310
1073.54 6278
1073.28 6315
1073.02 6242
1072.75 6310
1072.49 6349
1072.23 6421
1071.97 6305
1071.71 6279
1071.44 6300
1071.18 6430
1070.92 6437
1070.66 6299
1070.4 6414
1070.13 6155
1069.87 6353
1069.61 6357
1069.35 6225
1069.09 6376
1068.82 6445
1068.56 6346
1068.3 6406
1068.04 6310
1067.78 6094
1067.51 6196
1067.25 6374
1066.99 6300
1066.73 6349
1066.47 6426
1066.2 6287
1065.94 6384
1065.68 6309
1065.42 6282
1065.16 6230
1064.89 6430
1064.63 6248
1064.37 6454
1064.11 6415
1063.85 6340
1063.59 6364
1063.32 6293
1063.06 6422
1062.8 6303
1062.54 6465
1062.28 6258
1062.01 6338
1061.75 6470
1061.49 6421
1061.23 6218
1060.97 6462
1060.7 6491
1060.44 6371
1060.18 6290
1059.92 6408
1059.66 6452
1059.39 6426
1059.13 6329
1058.87 6386
1058.61 6370
1058.35 6416
1058.08 6516
1057.82 6433
1057.56 6564
1057.3 6491
1057.04 6334
1056.77 6358
1056.51 6548
1056.25 6520
1055.99 6593
1055.73 6382
1055.46 6523
1055.2 6526
1054.94 6398
1054.68 6503
1054.42 6376
1054.15 6373
1053.89 6241
1053.63 6460
1053.37 6571
1053.11 6401
1052.84 6388
1052.58 6613
1052.32 6434
1052.06 6417
1051.8 6450
1051.53 6397
1051.27 6520
1051.01 6406
1050.75 6501
1050.49 6381
1050.22 6551
1049.96 6287
1049.7 6441
1049.44 6335
1049.18 6538
1048.91 6481
1048.65 6467
1048.39 6466
1048.13 6485
1047.87 6484
1047.6 6433
1047.34 6533
1047.08 6431
1046.82 6406
1046.56 6438
1046.29 6591
1046.03 6450
1045.77 6452
1045.51 6544
1045.25 6393
1044.98 6309
1044.72 6553
1044.46 6506
1044.2 6445
1043.94 6560
1043.67 6489
1043.41 6519
1043.15 6644
1042.89 6465
1042.63 6497
1042.36 6418
1042.1 6505
1041.84 6500
1041.58 6560
1041.32 6470
1041.05 6478
1040.79 6451
1040.53 6610
1040.27 6529
1040.01 6641
1039.75 6539
1039.48 6490
1039.22 6558
1038.96 6609
1038.7 6645
1038.44 6540
1038.17 6541
1037.91 6533
1037.65 6591
1037.39 6578
1037.13 6709
1036.86 6520
1036.6 6644
1036.34 6553
1036.08 6617
1035.82 6643
1035.55 6597
1035.29 6546
1035.03 6434
1034.77 6635
1034.51 6621
1034.24 6674
1033.98 6600
1033.72 6500
1033.46 6625
1033.2 6463
1032.93 6545
1032.67 6478
1032.41 6636
1032.15 6549
1031.89 6529
1031.62 6590
1031.36 6491
1031.1 6617
1030.84 6581
1030.58 6486
1030.31 6579
1030.05 6521
1029.79 6579
1029.53 6642
1029.27 6564
1029 6712
1028.74 6586
1028.48 6491
1028.22 6475
1027.96 6633
1027.69 6606
1027.43 6745
1027.17 6564
1026.91 6448
1026.65 6455
1026.38 6651
1026.12 6676
1025.86 6665
1025.6 6717
1025.34 6642
1025.07 6672
1024.81 6600
1024.55 6589
1024.29 6634
1024.03 6584
1023.76 6641
1023.5 6633
1023.24 6647
1022.98 6629
1022.72 6714
1022.45 6628
1022.19 6612
1021.93 6605
1021.67 6699
1021.41 6691
1021.14 6791
1020.88 6591
1020.62 6633
1020.36 6620
1020.1 6742
1019.83 6527
1019.57 6627
1019.31 6662
1019.05 6696
1018.79 6786
1018.52 6524
1018.26 6801
1018 6814
1017.74 6703
1017.48 6598
1017.22 6594
1016.95 6728
1016.69 6629
1016.43 6610
1016.17 6687
1015.91 6693
1015.64 6780
1015.38 6717
1015.12 6744
1014.86 6835
1014.6 6778
1014.33 6776
1014.07 6960
1013.81 6699
1013.55 6792
1013.29 6662
1013.02 6744
1012.76 6720
1012.5 6837
1012.24 6735
1011.98 6706
1011.71 6863
1011.45 6815
1011.19 6841
1010.93 6691
1010.67 6930
1010.4 6773
1010.14 6723
1009.88 6832
1009.62 6789
1009.36 6813
1009.09 6902
1008.83 6815
1008.57 6729
1008.31 6902
1008.05 6925
1007.78 6977
1007.52 6860
1007.26 6786
1007 6926
1006.74 6654
1006.47 6890
1006.21 7017
1005.95 6948
1005.69 6879
1005.43 6861
1005.16 6975
1004.9 7004
1004.64 6902
1004.38 7009
1004.12 6989
1003.85 6910
1003.59 6920
1003.33 6838
1003.07 6937
1002.81 6764
1002.54 6872
1002.28 6834
1002.02 7012
1001.76 6765
1001.5 6983
1001.23 6838
1000.97 6733
1000.71 7033
1000.45 6994
1000.19 6788
999.924 7109
999.662 7025
999.401 6932
999.139 7033
998.877 6998
998.615 6948
998.353 6922
998.091 6938
997.829 6985
997.567 6990
997.305 6832
997.043 6802
996.781 6910
996.519 7094
996.257 6999
995.995 6911
995.733 6993
995.471 6899
995.209 7069
994.947 6766
994.685 6906
994.423 6976
994.161 7014
993.899 6836
993.637 6913
993.375 6888
993.113 7034
992.851 6971
992.589 6861
992.327 6827
992.065 7049
991.803 6946
991.541 7021
991.279 6935
991.017 6956
990.755 6915
990.493 6799
990.231 6890
989.969 6848
989.707 6815
989.445 6779
989.183 6787
988.921 6806
988.659 6955
988.397 7000
988.135 6953
987.873 6783
987.612 6840
987.35 6761
987.088 6943
986.826 6834
986.564 6939
986.302 6814
986.04 6752
985.778 6702
985.516 6950
985.254 6993
984.992 6983
984.73 6758
984.468 7059
984.206 6962
983.944 6814
983.682 6867
983.42 6920
983.158 6872
982.896 7107
982.634 6964
982.372 6970
982.11 6915
981.848 6903
981.586 7041
981.324 7185
981.062 6911
980.8 6904
980.538 7065
980.276 6993
980.014 7026
979.752 7059
979.49 7124
979.228 7207
978.966 7127
978.704 6969
978.442 7143
978.18 7265
977.918 7353
977.656 7091
977.394 7040
977.132 7123
976.87 7018
976.608 7141
976.346 7050
976.084 7164
975.823 7097
975.561 7177
975.299 7101
975.037 7155
974.775 7162
974.513 7207
974.251 7040
973.989 7167
973.727 6815
973.465 7124
973.203 7061
972.941 7025
972.679 7011
972.417 7069
972.155 7002
971.893 6960
971.631 7123
971.369 7061
971.107 6996
970.845 7003
970.583 7179
970.321 7068
970.059 6980
969.797 6882
969.535 6960
969.273 7026
969.011 6848
968.749 6815
968.487 6909
968.225 6895
967.963 6910
967.701 7070
967.439 6995
967.177 6905
966.915 7051
966.653 7114
966.391 6978
966.129 6964
965.867 6979
965.605 6819
965.343 6908
965.081 7064
964.819 6951
964.557 6737
964.295 6825
964.034 6879
963.772 6773
963.51 6850
963.248 6953
962.986 6733
962.724 6894
962.462 6768
962.2 6933
961.938 6800
961.676 6886
961.414 6814
961.152 6910
960.89 6731
960.628 7009
960.366 6828
960.104 6754
959.842 6874
959.58 6973
959.318 6925
959.056 7030
958.794 6917
958.532 6830
958.27 6716
958.008 6830
957.746 6856
957.484 6912
957.222 7011
956.96 6767
956.698 6765
956.436 6933
956.174 6747
955.912 6781
955.65 6859
955.388 6830
955.126 6725
954.864 6802
954.602 6921
954.34 6752
954.078 6907
953.816 6932
953.554 6841
953.292 6844
953.03 6895
952.768 6783
952.506 6903
952.245 6884
951.983 6879
951.721 6907
951.459 6964
951.197 6900
950.935 6979
950.673 6881
950.411 6956
950.149 6976
949.887 6956
949.625 6811
949.363 6814
949.101 6935
948.839 6864
948.577 6856
948.315 6911
948.053 6925
947.791 6835
947.529 6841
947.267 6902
947.005 6724
946.743 6886
946.481 6995
946.219 7018
945.957 6939
945.695 6947
945.433 6839
945.171 6935
944.909 6888
944.647 6817
944.385 7075
944.123 6997
943.861 6948
943.599 6943
943.337 6776
943.075 6798
942.813 6797
942.551 6904
942.289 6980
942.027 6854
941.765 6957
941.503 6901
941.241 7009
940.979 6835
940.717 7009
940.456 6837
940.194 6927
939.932 6875
939.67 6979
939.408 6960
939.146 6981
938.884 6916
938.622 7009
938.36 7009
938.098 6960
937.836 7006
937.574 6943
937.312 7010
937.05 7028
936.788 6870
936.526 6971
936.264 7067
936.002 7023
935.74 7105
935.478 6978
935.216 6981
934.954 6936
934.692 7094
934.43 6996
934.168 6957
933.906 7063
933.644 7071
933.382 7092
933.12 6966
932.858 7020
932.596 6952
932.334 7090
932.072 7109
931.81 7036
931.548 6993
931.286 7138
931.024 7074
930.762 7070
930.5 7062
930.238 7083
929.976 7112
929.714 7247
929.452 7052
929.19 6908
928.928 6983
928.667 7192
928.405 6883
928.143 7139
927.881 7001
927.619 7070
927.357 7050
927.095 7263
926.833 7011
926.571 7130
926.309 7118
926.047 7033
925.785 7206
925.523 7156
925.261 7246
924.999 7246
924.737 7208
924.475 7134
924.213 7119
923.951 7106
923.689 6899
923.427 7150
923.165 7196
922.903 7071
922.641 6980
922.379 7063
922.117 7241
921.855 7028
921.593 6998
921.331 7173
921.069 7084
920.807 7112
920.545 7101
920.283 7242
920.021 7056
919.759 7068
919.497 7249
919.235 7095
918.973 6989
918.711 7174
918.449 7302
918.187 7093
917.925 7023
917.663 7135
917.401 7270
917.139 7181
916.878 7257
916.616 7305
916.354 7099
916.092 7358
915.83 7131
915.568 7117
915.306 7139
915.044 7211
914.782 7181
914.52 7213
914.258 7187
913.996 7129
913.734 7161
913.472 7263
913.21 7198
912.948 7068
912.686 7186
912.424 7187
912.162 7205
911.9 7324
911.638 7174
911.376 7365
911.114 7332
910.852 7148
910.59 7318
910.328 7228
910.066 7172
909.804 7232
909.542 7211
909.28 7103
909.018 7292
908.756 7369
908.494 7282
908.232 7185
907.97 7291
907.708 7195
907.446 7265
907.184 7304
906.922 7225
906.66 7256
906.398 7337
906.136 7334
905.874 7349
905.612 7328
905.35 7330
905.089 7339
904.827 7255
904.565 7312
904.303 7374
904.041 7157
903.779 7343
903.517 7353
903.255 7440
902.993 7390
902.731 7226
902.469 7574
902.207 7341
901.945 7140
901.683 7409
901.421 7420
901.159 7310
900.897 7499
900.635 7231
900.373 7406
900.111 7451
899.849 7489
899.587 7299
899.325 7414
899.063 7503
898.801 7516
898.539 7359
898.277 7397
898.015 7488
897.753 7464
897.491 7265
897.229 7369
896.967 7195
896.705 7304
896.443 7363
896.181 7243
895.919 7378
895.657 7549
895.395 7350
895.133 7303
894.871 7465
894.609 7457
894.347 7431
894.085 7208
893.823 7420
893.561 7491
893.3 7254
893.038 7520
892.776 7462
892.514 7303
892.252 7427
891.99 7464
891.728 7529
891.466 7283
891.204 7440
890.942 7379
890.68 7486
890.418 7337
890.156 7322
889.894 7586
889.632 7666
889.37 7297
889.108 7692
888.846 7429
888.584 7377
888.322 7449
888.06 7518
887.798 7518
887.536 7674
887.274 7481
887.012 7379
886.75 7533
886.488 7392
886.226 7527
885.964 7667
885.702 7663
885.44 7300
885.178 7472
884.916 7444
884.654 7535
884.392 7534
884.13 7613
883.868 7357
883.606 7610
883.344 7446
883.082 7542
882.82 7395
882.558 7438
882.296 7516
882.034 7608
881.772 7542
881.511 7501
881.249 7417
880.987 7707
880.725 7654
880.463 7540
880.201 7596
879.939 7561
879.677 7644
879.415 7485
879.153 7522
878.891 7631
878.629 7571
878.367 7688
878.105 7651
877.843 7557
877.581 7626
877.319 7538
877.057 7596
876.795 7571
876.533 7721
876.271 7594
876.009 7705
875.747 7681
875.485 7491
875.223 7742
874.961 7769
874.699 7709
874.437 7818
874.175 7755
873.913 7834
873.651 7797
873.389 7647
873.127 7639
872.865 7801
872.603 7732
872.341 7869
872.079 7733
871.817 7624
871.555 7604
871.293 7806
871.031 7623
870.769 7787
870.507 7746
870.245 7741
869.983 7632
869.722 7826
869.46 7704
869.198 7673
868.936 7654
868.674 7761
868.412 7749
868.15 7743
867.888 7516
867.626 7631
867.364 7656
867.102 7786
866.84 7714
866.578 7749
866.316 7689
866.054 7641
865.792 7620
865.53 7686
865.268 7746
865.006 7924
864.744 7768
864.482 7705
864.22 7813
863.958 7591
863.696 7807
863.434 7658
863.172 7743
862.91 7761
862.648 7792
862.386 7531
862.124 7677
861.862 7690
861.6 7642
861.338 7744
861.076 7682
860.814 7755
860.552 7609
860.29 7729
860.028 7607
859.766 7876
859.504 7625
859.242 7904
858.98 7860
858.718 7991
858.456 7652
858.194 7672
857.932 7814
857.671 7622
857.409 7627
857.147 7809
856.885 7813
856.623 7912
856.361 7866
856.099 7785
855.837 7836
855.575 7873
855.313 7664
855.051 7892
854.789 7790
854.527 7791
854.265 7913
854.003 7821
853.741 7884
853.479 7692
853.217 7783
852.955 7844
852.693 7821
852.431 7959
852.169 7841
851.907 7881
851.645 7796
851.383 7882
851.121 7857
850.859 7858
850.597 7802
850.335 7899
850.073 7814
849.811 7968
849.549 7967
849.287 7958
849.025 7932
848.763 7882
848.501 7987
848.239 7918
847.977 7847
847.715 7962
847.453 7906
847.191 8071
846.929 7850
846.667 7891
846.405 7957
846.143 7846
845.882 7943
845.62 7802
845.358 7978
845.096 7787
844.834 8000
844.572 7969
844.31 7945
844.048 7960
843.786 7919
843.524 7853
843.262 7897
843 8144
842.738 7982
842.476 7981
842.214 7906
841.952 7867
841.69 7965
841.428 7896
841.166 8022
840.904 8000
840.642 7827
840.38 7999
840.118 8003
839.856 8060
839.594 8068
839.332 8072
839.07 7976
838.808 8086
838.546 7926
838.284 7954
838.022 8012
837.76 8101
837.498 8076
837.236 7848
836.974 8012
836.712 7831
836.45 8095
836.188 7995
835.926 8090
835.664 8054
835.402 8018
835.14 8037
834.878 8038
834.616 8103
834.354 7951
834.093 7930
833.831 8005
833.569 8056
833.307 8028
833.045 8048
832.783 8071
832.521 7850
832.259 7895
831.997 8095
831.735 8047
831.473 7982
831.211 7873
830.949 7821
830.687 8079
830.425 7963
830.163 7940
829.901 8075
829.639 8149
829.377 8063
829.115 7950
828.853 8075
828.591 8196
828.329 7980
828.067 7995
827.805 8189
827.543 8050
827.281 7976
827.019 8204
826.757 8024
826.495 8088
826.233 8219
825.971 8177
825.709 8202
825.447 8009
825.185 8060
824.923 8156
824.661 8177
824.399 8245
824.137 8108
823.875 8302
823.613 8157
823.351 8323
823.089 8368
822.827 8318
822.565 8270
822.304 8291
822.042 8202
821.78 8223
821.518 8406
821.256 8283
820.994 8232
820.732 8307
820.47 8249
820.208 8206
819.946 8193
819.684 8405
819.422 8472
819.16 8368
818.898 8194
818.636 8081
818.374 8271
818.112 8360
817.85 8248
817.588 8136
817.326 8272
817.064 8041
816.802 8225
816.54 8211
816.278 8203
816.016 8210
815.754 8388
815.492 8231
815.23 8255
814.968 8236
814.706 8263
814.444 8225
814.182 8193
813.92 8287
813.658 8229
813.396 8177
813.134 8136
812.872 8165
812.61 8194
812.348 8117
812.086 8319
811.824 8023
811.562 8223
811.3 8328
811.038 8267
810.776 8244
810.515 8223
810.253 8245
809.991 8354
809.729 8211
809.467 8285
809.205 8254
808.943 8209
808.681 8308
808.419 8306
808.157 8352
807.895 8238
807.633 8317
807.371 8226
807.109 8247
806.847 8215
806.585 8256
806.323 8325
806.061 8241
805.799 8419
805.537 8272
805.275 8367
805.013 8137
804.751 8233
804.489 8352
804.227 8311
803.965 8286
803.703 8294
803.441 8327
803.179 8171
802.917 8313
802.655 8183
802.393 8187
802.131 8258
801.869 8220
801.607 8313
801.345 8333
801.083 8153
800.821 8350
800.559 8252
800.297 8355
800.035 8058
799.773 8190
799.511 8263
799.249 8360
798.987 8165
798.726 8370
798.464 8485
798.202 8194
797.94 8327
797.678 8412
797.416 8340
797.154 8273
796.892 8360
796.63 8397
796.368 8244
796.106 8278
795.844 8414
795.582 8399
795.32 8317
795.058 8233
794.796 8429
794.534 8112
794.272 8427
794.01 8317
793.748 8251
793.486 8338
793.224 8330
792.962 8400
792.7 8476
792.438 8255
792.176 8398
791.914 8351
791.652 8493
791.39 8331
791.128 8274
790.866 8202
790.604 8338
790.342 8446
790.08 8511
789.818 8330
789.556 8408
789.294 8284
789.032 8398
788.77 8590
788.508 8454
788.246 8206
787.984 8538
787.722 8579
787.46 8373
787.198 8505
786.937 8638
786.675 8487
786.413 8431
786.151 8438
785.889 8422
785.627 8384
785.365 8519
785.103 8523
784.841 8395
784.579 8286
784.317 8474
784.055 8548
783.793 8381
783.531 8596
783.269 8338
783.007 8418
782.745 8588
782.483 8408
782.221 8469
781.959 8573
781.697 8488
781.435 8450
781.173 8415
780.911 8548
780.649 8480
780.387 8496
780.125 8404
779.863 8630
779.601 8412
779.339 8568
779.077 8550
778.815 8410
778.553 8615
778.291 8444
778.029 8628
777.767 8483
777.505 8432
777.243 8410
776.981 8438
776.719 8565
776.457 8593
776.195 8519
775.933 8436
775.671 8680
775.409 8603
775.148 8308
774.886 8403
774.624 8695
774.362 8564
774.1 8536
773.838 8600
773.576 8552
773.314 8496
773.052 8717
772.79 8611
772.528 8642
772.266 8464
772.004 8639
771.742 8591
771.48 8695
771.218 8706
770.956 8712
770.694 8495
770.432 8670
770.17 8650
769.908 8448
769.646 8499
769.384 8647
769.122 8679
768.86 8842
768.598 8720
768.336 8570
768.074 8680
767.812 8575
767.55 8912
767.288 8674
767.026 8916
766.764 8623
766.502 8788
766.24 8503
765.978 8646
765.716 8865
765.454 8634
765.192 8708
764.93 8539
764.668 8445
764.406 8776
764.144 8703
763.882 8685
763.62 8703
763.359 8762
763.097 8683
762.835 8581
762.573 8769
762.311 8722
762.049 8713
761.787 8845
761.525 8744
761.263 8636
761.001 8885
760.739 8757
760.477 8596
760.215 8834
759.953 8780
759.691 8827
759.429 8803
759.167 8767
758.905 8784
758.643 8922
758.381 8739
758.119 8866
757.857 8753
757.595 8804
757.333 8807
757.071 8924
756.809 9012
756.547 8755
756.285 8906
756.023 8828
755.761 8842
755.499 9015
755.237 8779
754.975 8656
754.713 8759
754.451 8884
754.189 8847
753.927 8782
753.665 8811
753.403 8652
753.141 8771
752.879 8959
752.617 8945
752.355 8881
752.093 8689
751.831 8872
751.57 8957
751.308 8937
751.046 8868
750.784 8930
750.522 9145
750.26 8970
749.998 8761
749.736 8999
749.474 9037
749.212 8935
748.95 8896
748.688 8975
748.426 9058
748.164 9008
747.902 8913
747.64 9072
747.378 8719
747.116 8881
746.854 8997
746.592 9036
746.33 9018
746.068 9073
745.806 8972
745.544 8965
745.282 9120
745.02 9079
744.758 9034
744.496 9004
744.234 8937
743.972 8973
743.71 9065
743.448 9061
743.186 8977
742.924 9095
742.662 9091
742.4 9142
742.138 9126
741.876 8996
741.614 9153
741.352 8991
741.09 8996
740.828 9059
740.566 8912
740.304 9113
740.042 9234
739.781 8987
739.519 8959
739.257 9002
738.995 9170
738.733 9136
738.471 9194
738.209 9096
737.947 9147
737.685 9078
737.423 9090
737.161 9219
736.899 8814
736.637 9156
736.375 8973
736.113 9182
735.851 9053
735.589 8948
735.327 9031
735.065 8935
734.803 9155
734.541 9109
734.279 9035
734.017 9161
733.755 9100
733.493 9107
733.231 9037
732.969 9100
732.707 8961
732.445 9126
732.183 9107
731.921 9080
731.659 9171
731.397 8988
731.135 9260
730.873 9065
730.611 9047
730.349 9185
730.087 9020
729.825 9108
729.563 9143
729.301 9147
729.039 9264
728.777 9041
728.515 9122
728.253 8950
727.992 9001
727.73 9269
727.468 9282
727.206 9139
726.944 9014
726.682 9213
726.42 9223
726.158 9223
725.896 9050
725.634 9117
725.372 9121
725.11 9139
724.848 9258
724.586 9426
724.324 9276
724.062 9356
723.8 9197
723.538 9267
723.276 9368
723.014 9388
722.752 9563
722.49 9353
722.228 9366
721.966 9519
721.704 9567
721.442 9713
721.18 9536
720.918 9552
720.656 9600
720.394 9747
720.132 9535
719.87 9599
719.608 9744
719.346 9732
719.084 9812
718.822 9578
718.56 9896
718.298 9662
718.036 9737
717.774 9772
717.512 9736
717.25 9624
716.988 9666
716.726 9539
716.464 9401
716.203 9716
715.941 9468
715.679 9588
715.417 9417
715.155 9487
714.893 9359
714.631 9392
714.369 9356
714.107 9312
713.845 9448
713.583 9286
713.321 9134
713.059 9045
712.797 8969
712.535 9006
712.273 9196
712.011 9144
711.749 9159
711.487 9012
711.225 9086
710.963 9028
710.701 9095
710.439 9112
710.177 9097
709.915 9188
709.653 8830
709.391 9013
709.129 9027
708.867 9050
708.605 8996
708.343 8962
708.081 9024
707.819 8980
707.557 8887
707.295 8761
707.033 9047
706.771 8965
706.509 8809
706.247 9044
705.985 8690
705.723 8870
705.461 9075
705.199 8940
704.937 9008
704.675 8928
704.414 9026
704.152 9009
703.89 8977
703.628 8892
703.366 8911
703.104 8914
702.842 8868
702.58 8959
702.318 8927
702.056 9009
701.794 9034
701.532 8820
701.27 8982
701.008 8847
700.746 8872
700.484 9080
700.222 8989
699.96 8884
699.698 8799
699.436 8776
699.174 8822
698.912 8873
698.65 8930
698.388 9121
698.126 9074
697.864 8941
697.602 8975
697.34 9201
697.078 9086
696.816 8924
696.554 8906
696.292 9030
696.03 8880
695.768 8967
695.506 8822
695.244 9092
694.982 9017
694.72 8821
694.458 8963
694.196 8998
693.934 8955
693.672 9100
693.41 8944
693.148 9063
692.886 8947
692.624 9218
692.363 8936
692.101 8955
691.839 9058
691.577 9091
691.315 8952
691.053 8852
690.791 9086
690.529 9077
690.267 9108
690.005 8946
689.743 9106
689.481 9070
689.219 8986
688.957 9001
688.695 8917
688.433 9110
688.171 9143
687.909 9115
687.647 9156
687.385 9160
687.123 9028
686.861 9174
686.599 8941
686.337 8949
686.075 9189
685.813 8952
685.551 9233
685.289 9000
685.027 9370
684.765 9174
684.503 9246
684.241 9098
683.979 9065
683.717 9133
683.455 9145
683.193 9092
682.931 9026
682.669 9079
682.407 8989
682.145 9017
681.883 8941
681.621 9111
681.359 9168
681.097 9095
680.835 9294
680.574 9167
680.312 9225
680.05 9221
679.788 9239
679.526 9242
679.264 9180
679.002 9214
678.74 9023
678.478 9258
678.216 9244
677.954 9224
677.692 9181
677.43 9318
677.168 9406
676.906 9124
676.644 9150
676.382 9218
676.12 9157
675.858 9197
675.596 9207
675.334 9318
675.072 9241
674.81 9237
674.548 9213
674.286 9214
674.024 9294
673.762 9224
673.5 9223
673.238 9221
672.976 9348
672.714 9191
672.452 9261
672.19 9300
671.928 9056
671.666 9215
671.404 9178
671.142 9296
670.88 9121
670.618 9347
670.356 9337
670.094 9250
669.832 9282
669.57 9365
669.308 9421
669.046 9223
668.785 9267
668.523 9383
668.261 9125
667.999 9254
667.737 9254
667.475 8998
667.213 9298
666.951 9324
666.689 9333
666.427 9288
666.165 9367
665.903 9440
665.641 9432
665.379 9302
665.117 9354
664.855 9143
664.593 9550
664.331 9443
664.069 9546
663.807 9240
663.545 9295
663.283 9490
663.021 9282
662.759 9269
662.497 9199
662.235 9365
661.973 9392
661.711 9227
661.449 9348
661.187 9422
660.925 9526
660.663 9624
660.401 9223
660.139 9407
659.877 9467
659.615 9390
659.353 9593
659.091 9435
658.829 9583
658.567 9412
658.305 9216
658.043 9235
657.781 9489
657.519 9368
657.257 9557
656.996 9467
656.734 9348
656.472 9412
656.21 9491
655.948 9413
655.686 9367
655.424 9393
655.162 9580
654.9 9540
654.638 9432
654.376 9511
654.114 9475
653.852 9568
653.59 9362
653.328 9411
653.066 9386
652.804 9545
652.542 9529
652.28 9577
652.018 9432
651.756 9561
651.494 9790
651.232 9539
650.97 9617
650.708 9492
650.446 9719
650.184 9549
649.922 9649
649.66 9445
649.398 9565
649.136 9602
648.874 9509
648.612 9510
648.35 9605
648.088 9489
647.826 9495
647.564 9650
647.302 9567
647.04 9735
646.778 9775
646.516 9469
646.254 9618
645.992 9657
645.73 9638
645.468 9820
645.207 9535
644.945 9638
644.683 9617
644.421 9644
644.159 9644
643.897 9779
643.635 9648
643.373 9488
643.111 9753
642.849 9423
642.587 9672
642.325 9679
642.063 9676
641.801 9679
641.539 9582
641.277 9605
641.015 9842
640.753 9700
640.491 9755
640.229 9614
639.967 9441
639.705 9813
639.443 9881
639.181 9777
638.919 9797
638.657 9818
638.395 9635
638.133 9672
637.871 9755
637.609 9842
637.347 9877
637.085 9951
636.823 9814
636.561 9742
636.299 9829
636.037 9904
635.775 9682
635.513 9710
635.251 9996
634.989 9853
634.727 9962
634.465 9909
634.203 9833
633.941 9751
633.679 9967
633.418 9859
633.156 9902
632.894 9951
632.632 9978
632.37 9912
632.108 10001
631.846 10029
631.584 10073
631.322 10162
631.06 10190
630.798 10194
630.536 10189
630.274 10199
630.012 10234
629.75 10150
629.488 10274
629.226 10165
628.964 10196
628.702 9990
628.44 10060
628.178 10004
627.916 10116
627.654 9970
627.392 10115
627.13 9967
626.868 10114
626.606 10054
626.344 10103
626.082 9920
625.82 10062
625.558 9870
625.296 9757
625.034 10080
624.772 10033
624.51 9864
624.248 10069
623.986 9901
623.724 9933
623.462 10177
623.2 10070
622.938 10135
622.676 10239
622.414 10094
622.152 10119
621.89 10032
621.629 10022
621.367 10137
621.105 10143
620.843 10057
620.581 9974
620.319 9930
620.057 9959
619.795 10170
619.533 10162
619.271 10118
619.009 10241
618.747 10219
618.485 10247
618.223 10049
617.961 10164
617.699 9885
617.437 9897
617.175 9848
616.913 9803
616.651 9899
616.389 9752
616.127 9907
615.865 9792
615.603 9865
615.341 9909
615.079 9834
614.817 9692
614.555 9725
614.293 9581
614.031 9683
613.769 9787
613.507 9753
613.245 9601
612.983 9881
612.721 9738
612.459 9661
612.197 9787
611.935 9834
611.673 9833
611.411 9745
611.149 9762
610.887 9866
610.625 9778
610.363 9704
610.101 9771
609.84 10003
609.578 9976
609.316 10044
609.054 9983
608.792 10236
608.53 10183
608.268 10228
608.006 10141
607.744 10317
607.482 10513
607.22 10527
606.958 10591
606.696 11042
606.434 11101
606.172 11184
605.91 11277
605.648 11736
605.386 11969
605.124 12080
604.862 12513
604.6 13018
604.338 13269
604.076 13583
603.814 13641
603.552 13366
603.29 13285
603.028 13303
602.766 12705
602.504 12202
602.242 12030
601.98 11387
601.718 11232
601.456 10822
601.194 10882
600.932 10212
600.67 10185
600.408 10174
600.146 9944
599.884 10056
599.622 9926
599.36 9863
599.098 9794
598.836 9719
598.574 9795
598.312 9497
598.051 9654
597.789 9655
597.527 9624
597.265 9521
597.003 9543
596.741 9522
596.479 9543
596.217 9606
595.955 9420
595.693 9409
595.431 9545
595.169 9246
594.907 9361
594.645 9548
594.383 9490
594.121 9342
593.859 9317
593.597 9381
593.335 9494
593.073 9302
592.811 9437
592.549 9346
592.287 9197
592.025 9422
591.763 9202
591.501 9149
591.239 9269
590.977 9292
590.715 9416
590.453 9262
590.191 8913
589.929 9264
589.667 9092
589.405 9223
589.143 9172
588.881 9003
588.619 9005
588.357 8870
588.095 9008
587.833 9045
587.571 9311
587.309 9230
587.047 9269
586.785 9251
586.523 9225
586.262 9085
586 9241
585.738 9255
585.476 9106
585.214 9160
584.952 9113
584.69 8930
584.428 8960
584.166 8938
583.904 8949
583.642 8982
583.38 9173
583.118 9141
582.856 8951
582.594 8890
582.332 8656
582.07 8577
581.808 8589
581.546 8425
581.284 8368
581.022 8470
580.76 8528
580.498 8466
580.236 8533
579.974 8253
579.712 8519
579.45 8563
579.188 8560
578.926 8750
578.664 8719
578.402 8709
578.14 8867
577.878 8942
577.616 9386
577.354 9119
577.092 9627
576.83 9837
576.568 10118
576.306 10201
576.044 10757
575.782 11107
575.52 11697
575.258 12098
574.996 12494
574.734 12922
574.473 13199
574.211 13845
573.949 14809
573.687 15602
573.425 15912
573.163 16401
572.901 16333
572.639 16211
572.377 15675
572.115 14737
571.853 14001
571.591 12969
571.329 11753
571.067 11289
570.805 10405
570.543 9989
570.281 9340
570.019 9089
569.757 8687
569.495 8184
569.233 8084
568.971 8227
568.709 7696
568.447 7737
568.185 7582
567.923 7420
567.661 7415
567.399 7170
567.137 7250
566.875 7022
566.613 7065
566.351 7044
566.089 6945
565.827 6917
565.565 6930
565.303 6946
565.041 6911
564.779 6758
564.517 6855
564.255 6752
563.993 6853
563.731 6875
563.469 6750
563.207 6755
562.945 6729
562.684 6659
562.422 6850
562.16 6735
561.898 6717
561.636 6758
561.374 6714
561.112 6751
560.85 6695
560.588 6676
560.326 6648
560.064 6676
559.802 6832
559.54 6821
559.278 6890
559.016 6672
558.754 6742
558.492 6738
558.23 6878
557.968 6759
557.706 6687
557.444 6812
557.182 6702
556.92 6706
556.658 6711
556.396 6589
556.134 6780
555.872 6792
555.61 6740
555.348 6800
555.086 6779
554.824 6781
554.562 6656
554.3 6761
554.038 6631
553.776 6783
553.514 6881
553.252 6735
552.99 6819
552.728 6647
552.466 6874
552.204 6755
551.942 6860
551.68 6797
551.418 6872
551.156 6766
550.895 6809
550.633 6658
550.371 6752
550.109 6837
549.847 6821
549.585 6684
549.323 6735
549.061 6729
548.799 6788
548.537 6852
548.275 6880
548.013 6821
547.751 6587
547.489 6888
547.227 6732
546.965 6770
546.703 6784
546.441 6733
546.179 6671
545.917 6790
545.655 6824
545.393 6804
545.131 6719
544.869 6850
544.607 6715
544.345 6698
544.083 6703
543.821 6684
543.559 6695
543.297 6804
543.035 6790
542.773 6624
542.511 6846
542.249 6684
541.987 6518
541.725 6745
541.463 6774
541.201 6717
540.939 6766
540.677 6527
540.415 6686
540.153 6713
539.891 6711
539.629 6680
539.367 6806
539.105 6722
538.844 6653
538.582 6667
538.32 6707
538.058 6685
537.796 6770
537.534 6866
537.272 6948
537.01 6785
536.748 6692
536.486 6780
536.224 6851
535.962 6861
535.7 6832
535.438 6884
535.176 6835
534.914 6790
534.652 6924
534.39 7109
534.128 6987
533.866 7035
533.604 7302
533.342 7265
533.08 7388
532.818 7358
532.556 7624
532.294 7854
532.032 7755
531.77 7868
531.508 7987
531.246 8090
530.984 7983
530.722 7976
530.46 7947
530.198 7975
529.936 7935
529.674 7705
529.412 7305
529.15 7207
528.888 6931
528.626 6783
528.364 6759
528.102 6687
527.84 6710
527.578 6616
527.316 6674
527.055 6767
526.793 6737
526.531 6612
526.269 6877
526.007 6677
525.745 6665
525.483 6717
525.221 6897
524.959 6496
524.697 6621
524.435 6621
524.173 6809
523.911 6634
523.649 6684
523.387 6678
523.125 6774
522.863 6671
522.601 6762
522.339 6669
522.077 6894
521.815 6761
521.553 6773
521.291 6757
521.029 6796
520.767 6698
520.505 6672
520.243 6847
519.981 6736
519.719 6953
519.457 6769
519.195 6741
518.933 6828
518.671 6674
518.409 6793
518.147 6794
517.885 6808
517.623 6780
517.361 6596
517.099 6564
516.837 6763
516.575 6681
516.313 6785
516.051 6755
515.789 6615
515.527 6775
515.266 6740
515.004 6708
514.742 6772
514.48 6830
514.218 6855
513.956 6761
513.694 6809
513.432 6760
513.17 6744
512.908 6758
512.646 6902
512.384 6872
512.122 6855
511.86 6696
511.598 6642
511.336 6751
511.074 6837
510.812 6759
510.55 6752
510.288 6885
510.026 6882
509.764 6832
509.502 6782
509.24 6810
508.978 6865
508.716 6817
508.454 6830
508.192 6700
507.93 6768
507.668 7078
507.406 6811
507.144 6809
506.882 6891
506.62 6858
506.358 6859
506.096 6907
505.834 6876
505.572 6849
505.31 6950
505.048 6919
504.786 6775
504.524 6837
504.262 6826
504 6836
503.738 6704
503.477 6980
503.215 6986
502.953 6870
502.691 6796
502.429 6751
502.167 6857
501.905 6744
501.643 7001
501.381 6876
501.119 6858
500.857 6691
500.595 6947
500.333 6881
500.071 6890
499.809 6898
499.547 7005
499.285 6746
499.023 6833
498.761 6858
498.499 6885
498.237 6956
497.975 7024
497.713 6912
497.451 6972
497.189 6912
496.927 6870
496.665 6939
496.403 6848
496.141 6881
495.879 6884
495.617 6850
495.355 6882
495.093 7087
494.831 6985
494.569 6957
494.307 6963
494.045 6829
493.783 7041
493.521 7052
493.259 6968
492.997 7170
492.735 6860
492.473 6977
492.211 7246
491.949 6871
491.688 7017
491.426 6987
491.164 7097
490.902 7064
490.64 6848
490.378 6985
490.116 7043
489.854 6888
489.592 7075
489.33 6924
489.068 7008
488.806 7072
488.544 6930
488.282 7060
488.02 7091
487.758 7054
487.496 6948
487.234 7078
486.972 7192
486.71 7000
486.448 7060
486.186 7023
485.924 7088
485.662 7069
485.4 7067
485.138 7141
484.876 7022
484.614 7138
484.352 7069
484.09 6998
483.828 7127
483.566 7034
483.304 7034
483.042 7023
482.78 7089
482.518 7172
482.256 7130
481.994 7046
481.732 7114
481.47 7060
481.208 7126
480.946 7164
480.684 7173
480.422 7061
480.16 7110
479.899 7108
479.637 7216
479.375 7061
479.113 7140
478.851 7026
478.589 7187
478.327 7014
478.065 7074
477.803 7314
477.541 7224
477.279 7052
477.017 7059
476.755 7025
476.493 7109
476.231 7251
475.969 7225
475.707 7170
475.445 7193
475.183 7190
474.921 7049
474.659 6999
474.397 7215
474.135 7233
473.873 7035
473.611 7168
473.349 7083
473.087 7172
472.825 7303
472.563 7170
472.301 7239
472.039 7100
471.777 7186
471.515 7308
471.253 7204
470.991 7199
470.729 7291
470.467 7228
470.205 7075
469.943 7232
469.681 7200
469.419 7242
469.157 7099
468.895 7199
468.633 7283
468.371 7284
468.11 7199
467.848 7260
467.586 7156
467.324 7250
467.062 7337
466.8 7122
466.538 7293
466.276 7254
466.014 7175
465.752 7138
465.49 7218
465.228 7170
464.966 7287
464.704 7307
464.442 7161
464.18 7410
463.918 7233
463.656 7176
463.394 7139
463.132 7281
462.87 7319
462.608 7236
462.346 7283
462.084 7283
461.822 7336
461.56 7547
461.298 7164
461.036 7435
460.774 7304
460.512 7318
460.25 7317
459.988 7290
459.726 7378
459.464 7409
459.202 7222
458.94 7452
458.678 7282
458.416 7386
458.154 7268
457.892 7419
457.63 7227
457.368 7336
457.106 7250
456.844 7349
456.582 7328
456.321 7465
456.059 7548
455.797 7431
455.535 7454
455.273 7359
455.011 7311
454.749 7436
454.487 7370
454.225 7360
453.963 7404
453.701 7363
453.439 7514
453.177 7415
452.915 7295
452.653 7345
452.391 7456
452.129 7516
451.867 7429
451.605 7415
451.343 7407
451.081 7264
450.819 7550
450.557 7281
450.295 7369
450.033 7237
449.771 7359
449.509 7413
449.247 7554
448.985 7354
448.723 7414
448.461 7262
448.199 7408
447.937 7393
447.675 7491
447.413 7482
447.151 7430
446.889 7387
446.627 7354
446.365 7263
446.103 7565
445.841 7443
445.579 7185
445.317 7682
445.055 7421
444.793 7455
444.532 7470
444.27 7384
444.008 7420
443.746 7453
443.484 7354
443.222 7560
442.96 7287
442.698 7447
442.436 7468
442.174 7529
441.912 7321
441.65 7429
441.388 7312
441.126 7491
440.864 7436
440.602 7279
440.34 7458
440.078 7434
439.816 7514
439.554 7456
439.292 7312
439.03 7475
438.768 7466
438.506 7398
438.244 7459
437.982 7435
437.72 7355
437.458 7552
437.196 7468
436.934 7374
436.672 7563
436.41 7580
436.148 7408
435.886 7485
435.624 7546
435.362 7538
435.1 7591
434.838 7479
434.576 7600
434.314 7501
434.052 7451
433.79 7492
433.528 7299
433.266 7370
433.004 7395
432.743 7517
432.481 7498
432.219 7551
431.957 7501
431.695 7471
431.433 7397
431.171 7540
430.909 7332
430.647 7515
430.385 7555
430.123 7628
429.861 7449
429.599 7360
429.337 7655
429.075 7533
428.813 7555
428.551 7546
428.289 7464
428.027 7553
427.765 7620
427.503 7539
427.241 7476
426.979 7491
426.717 7458
426.455 7631
426.193 7489
425.931 7577
425.669 7622
425.407 7793
425.145 7612
424.883 7721
424.621 7483
424.359 7672
424.097 7626
423.835 7424
423.573 7742
423.311 7607
423.049 7667
422.787 7686
422.525 7702
422.263 7736
422.001 7646
421.739 7732
421.477 7711
421.215 7519
420.954 7755
420.692 7714
420.43 7750
420.168 7840
419.906 7540
419.644 7626
419.382 7570
419.12 7554
418.858 7595
418.596 7742
418.334 7752
418.072 7719
417.81 7848
417.548 7700
417.286 7701
417.024 7760
416.762 7669
416.5 7609
416.238 7801
415.976 7832
415.714 7760
415.452 7750
415.19 7750
414.928 7774
414.666 7769
414.404 7517
414.142 7689
413.88 7814
413.618 7823
413.356 7787
413.094 7694
412.832 7779
412.57 7731
412.308 7718
412.046 7719
411.784 7794
411.522 7765
411.26 7743
410.998 7884
410.736 7815
410.474 7807
410.212 7865
409.95 7958
409.688 7832
409.426 7976
409.165 7810
408.903 7920
408.641 7676
408.379 7833
408.117 7964
407.855 7837
407.593 7688
407.331 7815
407.069 7855
406.807 7752
406.545 7953
406.283 7883
406.021 7860
405.759 7986
405.497 8040
405.235 8014
404.973 8089
404.711 7998
404.449 8069
404.187 8104
403.925 7963
403.663 8128
403.401 8053
403.139 8213
402.877 8050
402.615 8040
402.353 8139
402.091 8155
401.829 8231
401.567 8097
401.305 8338
401.043 8308
400.781 8375
400.519 8497
400.257 8572
399.995 8452
399.733 8484
399.471 8438
399.209 8546
398.947 8437
398.685 8547
398.423 8566
398.161 8473
397.899 8423
397.637 8481
397.376 8666
397.114 8567
396.852 8545
396.59 8651
396.328 8652
396.066 8648
395.804 8455
395.542 8440
395.28 8714
395.018 8742
394.756 8836
394.494 8570
394.232 8691
393.97 8712
393.708 8797
393.446 8697
393.184 8789
392.922 8609
392.66 8688
392.398 8697
392.136 8607
391.874 8652
391.612 8534
391.35 8620
391.088 8537
390.826 8457
390.564 8525
390.302 8506
390.04 8484
389.778 8282
389.516 8254
389.254 8244
388.992 8339
388.73 8286
388.468 8137
388.206 8120
387.944 8063
387.682 8073
387.42 8080
387.158 8102
386.896 7949
386.634 7847
386.372 7809
386.11 7806
385.848 7663
385.586 7384
385.325 7445
385.063 7450
384.801 7300
384.539 7208
384.277 7129
384.015 7122
383.753 7246
383.491 7103
383.229 6921
382.967 7050
382.705 6905
382.443 6830
382.181 6789
381.919 6877
381.657 6843
381.395 6513
381.133 6658
380.871 6636
380.609 6298
380.347 6295
380.085 6332
379.823 6428
379.561 6420
379.299 6222
379.037 6306
378.775 6584
378.513 6381
378.251 6462
377.989 6783
377.727 6769
377.465 6803
377.203 6972
376.941 6982
376.679 7113
376.417 7740
376.155 8363
375.893 9313
375.631 10761
375.369 12202
375.107 14382
374.845 16863
374.583 20275
374.321 23830
374.059 26744
373.797 27344
373.536 24269
373.274 18426
373.012 12795
372.75 9352
372.488 7359
372.226 6608
371.964 6293
371.702 6005
371.44 6165
371.178 6060
370.916 6182
370.654 6437
370.392 7104
370.13 8121
369.868 9594
369.606 11352
369.344 13924
369.082 17115
368.82 21218
368.558 25949
368.296 31269
368.034 35588
367.772 35782
367.51 30594
367.248 21818
366.986 13635
366.724 8399
366.462 5605
366.2 4196
365.938 3366
365.676 2913
365.414 2543
365.152 2377
364.89 2308
364.628 2169
364.366 2242
364.104 2024
363.842 1994
363.58 1845
363.318 1826
363.056 1846
362.794 1881
362.532 1708
362.27 1772
362.008 1696
361.747 1677
361.485 1718
361.223 1636
360.961 1643
360.699 1605
360.437 1621
360.175 1582
359.913 1612
359.651 1561
359.389 1658
359.127 1647
358.865 1670
358.603 1650
358.341 1669
358.079 1593
357.817 1611
357.555 1642
357.293 1685
357.031 1643
356.769 1607
356.507 1625
356.245 1585
355.983 1605
355.721 1654
355.459 1656
355.197 1624
354.935 1720
354.673 1589
354.411 1646
354.149 1580
353.887 1661
353.625 1635
353.363 1639
353.101 1603
352.839 1678
352.577 1713
352.315 1653
352.053 1656
351.791 1648
351.529 1621
351.267 1617
351.005 1614
350.743 1611
350.481 1645
350.219 1632
349.958 1653
349.696 1589
349.434 1619
349.172 1584
348.91 1615
348.648 1681
348.386 1652
348.124 1629
347.862 1629
347.6 1618
347.338 1692
347.076 1697
346.814 1549
346.552 1593
346.29 1622
346.028 1662
345.766 1645
345.504 1673
345.242 1603
344.98 1656
344.718 1553
344.456 1686
344.194 1612
343.932 1622
343.67 1740
343.408 1649
343.146 1603
342.884 1568
342.622 1690
342.36 1570
342.098 1681
341.836 1599
341.574 1721
341.312 1696
341.05 1610
340.788 1623
340.526 1709
340.264 1630
340.002 1654
339.74 1635
339.478 1574
339.216 1668
338.954 1590
338.692 1660
338.43 1644
338.169 1675
337.907 1585
337.645 1777
337.383 1648
337.121 1699
336.859 1704
336.597 1670
336.335 1681
336.073 1708
335.811 1690
335.549 1702
335.287 1657
335.025 1721
334.763 1676
334.501 1733
334.239 1764
333.977 1609
333.715 1736
333.453 1661
333.191 1782
332.929 1712
332.667 1735
332.405 1772
332.143 1779
331.881 1762
331.619 1726
331.357 1725
331.095 1707
330.833 1704
330.571 1678
330.309 1761
330.047 1708
329.785 1658
329.523 1699
329.261 1645
328.999 1638
328.737 1602
328.475 1602
328.213 1588
327.951 1687
327.689 1611
327.427 1609
327.165 1655
326.903 1581
326.641 1565
326.38 1657
326.118 1646
325.856 1611
325.594 1566
325.332 1604
325.07 1564
324.808 1641
324.546 1618
324.284 1632
324.022 1669
323.76 1541
323.498 1654
323.236 1647
322.974 1720
322.712 1614
322.45 1661
322.188 1666
321.926 1674
321.664 1682
321.402 1706
321.14 1779
320.878 1571
320.616 1649
320.354 1639
320.092 1586
319.83 1714
319.568 1667
319.306 1667
319.044 1701
318.782 1666
318.52 1677
318.258 1734
317.996 1732
317.734 1826
317.472 1719
317.21 1640
316.948 1742
316.686 1720
316.424 1771
316.162 1852
315.9 1848
315.638 1765
315.376 1845
315.114 1806
314.852 1768
314.591 1753
314.329 1797
314.067 1734
313.805 1752
313.543 1771
313.281 1694
313.019 1762
312.757 1701
312.495 1669
312.233 1648
311.971 1732
311.709 1668
311.447 1624
311.185 1610
310.923 1693
310.661 1710
310.399 1699
310.137 1677
309.875 1651
309.613 1622
309.351 1668
309.089 1599
308.827 1586
308.565 1639
308.303 1586
308.041 1720
307.779 1618
307.517 1648
307.255 1570
306.993 1626
306.731 1652
306.469 1667
306.207 1726
305.945 1663
305.683 1701
305.421 1590
305.159 1702
304.897 1651
304.635 1624
304.373 1660
304.111 1657
303.849 1667
303.587 1646
303.325 1593
303.063 1650
302.802 1690
302.54 1641
302.278 1687
302.016 1671
301.754 1626
301.492 1721
301.23 1659
300.968 1564
300.706 1598
300.444 1623
300.182 1694
299.92 1614
299.658 1601
299.396 1703
299.134 1608
298.872 1654
298.61 1679
298.348 1634
298.086 1615
297.824 1592
297.562 1600
297.3 1631
297.038 1519
296.776 1618
296.514 1542
296.252 1615
295.99 1584
295.728 1600
295.466 1595
295.204 1570
294.942 1561
294.68 1615
294.418 1657
294.156 1541
293.894 1563
293.632 1528
293.37 1559
293.108 1600
292.846 1609
292.584 1564
292.322 1558
292.06 1682
291.798 1608
291.536 1618
291.274 1562
291.013 1533
290.751 1622
290.489 1614
290.227 1608
289.965 1614
289.703 1554
289.441 1626
289.179 1677
288.917 1683
288.655 1685
288.393 1694
288.131 1796
287.869 1828
287.607 1856
287.345 2004
287.083 2012
286.821 2028
286.559 2168
286.297 2271
286.035 2515
285.773 2682
285.511 2865
285.249 3095
284.987 3675
284.725 3934
284.463 4019
284.201 4374
283.939 4141
283.677 3615
283.415 3067
283.153 2455
282.891 2051
282.629 1757
282.367 1614
282.105 1571
281.843 1577
281.581 1589
281.319 1499
281.057 1510
280.795 1509
280.533 1466
280.271 1528
280.009 1522
279.747 1442
279.485 1471
279.224 1508
278.962 1410
278.7 1452
278.438 1464
278.176 1518
277.914 1510
277.652 1551
277.39 1458
277.128 1462
276.866 1454
276.604 1505
276.342 1491
276.08 1467
275.818 1442
275.556 1419
275.294 1451
275.032 1453
274.77 1441
274.508 1512
274.246 1516
273.984 1557
273.722 1517
273.46 1488
273.198 1502
272.936 1491
272.674 1446
272.412 1462
272.15 1561
271.888 1478
271.626 1462
271.364 1453
271.102 1540
270.84 1472
270.578 1443
270.316 1517
270.054 1501
269.792 1476
269.53 1525
269.268 1521
269.006 1485
268.744 1479
268.482 1524
268.22 1456
267.958 1513
267.696 1445
267.435 1555
267.173 1508
266.911 1521
266.649 1489
266.387 1529
266.125 1475
265.863 1507
265.601 1462
265.339 1491
265.077 1503
264.815 1488
264.553 1521
264.291 1507
264.029 1501
263.767 1480
263.505 1515
263.243 1477
262.981 1503
262.719 1574
262.457 1529
262.195 1481
261.933 1529
261.671 1464
261.409 1520
261.147 1510
260.885 1441
260.623 1559
260.361 1530
260.099 1465
259.837 1452
259.575 1555
259.313 1475
259.051 1546
258.789 1457
258.527 1524
258.265 1465
258.003 1505
257.741 1488
257.479 1548
257.217 1507
256.955 1577
256.693 1532
256.431 1475
256.169 1468
255.907 1495
255.646 1496
255.384 1477
255.122 1473
254.86 1517
254.598 1507
254.336 1532
254.074 1484
253.812 1533
253.55 1532
253.288 1511
253.026 1515
252.764 1535
252.502 1460
252.24 1472
251.978 1459
251.716 1539
251.454 1478
251.192 1497
250.93 1543
250.668 1512
250.406 1520
250.144 1612
249.882 1514
249.62 1523
249.358 1465
249.096 1484
248.834 1606
248.572 1513
248.31 1502
248.048 1519
247.786 1540
247.524 1535
247.262 1521
247 1568
246.738 1569
246.476 1533
246.214 1557
245.952 1563
245.69 1571
245.428 1538
245.166 1500
244.904 1603
244.642 1544
244.38 1589
244.118 1542
243.857 1488
243.595 1549
243.333 1587
243.071 1576
242.809 1555
242.547 1597
242.285 1612
242.023 1483
241.761 1587
241.499 1557
241.237 1564
240.975 1556
240.713 1540
240.451 1555
240.189 1555
239.927 1552
239.665 1570
239.403 1530
239.141 1521
238.879 1630
238.617 1607
238.355 1537
238.093 1589
237.831 1494
237.569 1602
237.307 1564
237.045 1636
236.783 1537
236.521 1567
236.259 1509
235.997 1555
235.735 1589
235.473 1556
235.211 1510
234.949 1596
234.687 1562
234.425 1594
234.163 1548
233.901 1573
233.639 1627
233.377 1505
233.115 1587
232.853 1580
232.591 1558
232.329 1555
232.068 1626
231.806 1593
231.544 1578
231.282 1626
231.02 1541
230.758 1612
230.496 1545
230.234 1549
229.972 1565
229.71 1558
229.448 1585
229.186 1573
228.924 1557
228.662 1580
228.4 1556
228.138 1589
227.876 1604
227.614 1572
227.352 1558
227.09 1629
226.828 1592
226.566 1596
226.304 1614
226.042 1662
225.78 1657
225.518 1623
225.256 1579
224.994 1589
224.732 1726
224.47 1538
224.208 1658
223.946 1676
223.684 1535
223.422 1561
223.16 1605
222.898 1551
222.636 1588
222.374 1567
222.112 1555
221.85 1568
221.588 1591
221.326 1625
221.064 1579
220.802 1583
220.54 1645
220.278 1662
220.017 1636
219.755 1601
219.493 1589
219.231 1592
218.969 1618
218.707 1528
218.445 1565
218.183 1578
217.921 1678
217.659 1600
217.397 1536
217.135 1605
216.873 1640
216.611 1594
216.349 1626
216.087 1626
215.825 1611
215.563 1616
215.301 1602
215.039 1657
214.777 1657
214.515 1559
214.253 1599
213.991 1563
213.729 1645
213.467 1616
213.205 1518
212.943 1677
212.681 1582
212.419 1544
212.157 1623
211.895 1600
211.633 1677
211.371 1640
211.109 1606
210.847 1572
210.585 1663
210.323 1646
210.061 1609
209.799 1585
209.537 1732
209.275 1605
209.013 1690
208.751 1625
208.489 1607
208.228 1581
207.966 1575
207.704 1657
207.442 1597
207.18 1629
206.918 1601
206.656 1594
206.394 1689
206.132 1626
205.87 1661
205.608 1591
205.346 1620
205.084 1645
204.822 1702
204.56 1690
204.298 1703
204.036 1668
203.774 1610
203.512 1619
203.25 1603
202.988 1607
202.726 1673
202.464 1667
202.202 1637
201.94 1658
201.678 1701
201.416 1629
201.154 1618
200.892 1686
200.63 1646
200.368 1608
200.106 1666
199.844 1559
199.582 1684
199.32 1651
199.058 1686
198.796 1621
198.534 1612
198.272 1723
198.01 1677
197.748 1662
197.486 1694
197.224 1651
196.962 1598
196.7 1707
196.439 1581
196.177 1645
195.915 1698
195.653 1713
195.391 1678
195.129 1718
194.867 1638
194.605 1701
194.343 1643
194.081 1660
193.819 1660
193.557 1646
193.295 1672
193.033 1667
192.771 1683
192.509 1685
192.247 1641
191.985 1628
191.723 1634
191.461 1686
191.199 1747
190.937 1678
190.675 1681
190.413 1689
190.151 1674
189.889 1685
189.627 1660
189.365 1659
189.103 1674
188.841 1654
188.579 1654
188.317 1688
188.055 1646
187.793 1647
187.531 1702
187.269 1727
187.007 1692
186.745 1721
186.483 1705
186.221 1727
185.959 1713
185.697 1668
185.435 1711
185.173 1676
184.911 1632
184.65 1697
184.388 1732
184.126 1682
183.864 1741
183.602 1707
183.34 1702
183.078 1734
182.816 1631
182.554 1621
182.292 1679
182.03 1713
181.768 1733
181.506 1736
181.244 1732
180.982 1709
180.72 1704
180.458 1699
180.196 1659
179.934 1706
179.672 1684
179.41 1704
179.148 1679
178.886 1649
178.624 1747
178.362 1787
178.1 1690
177.838 1705
177.576 1667
177.314 1759
177.052 1681
176.79 1723
176.528 1704
176.266 1650
176.004 1715
175.742 1791
175.48 1724
175.218 1717
174.956 1781
174.694 1695
174.432 1704
174.17 1704
173.908 1718
173.646 1750
173.384 1706
173.122 1748
172.861 1702
172.599 1754
172.337 1733
172.075 1706
171.813 1720
171.551 1682
171.289 1741
171.027 1713
170.765 1774
170.503 1749
170.241 1745
169.979 1715
169.717 1872
169.455 1716
169.193 1731
168.931 1780
168.669 1727
168.407 1718
168.145 1807
167.883 1815
167.621 1714
167.359 1779
167.097 1718
166.835 1780
166.573 1758
166.311 1744
166.049 1739
165.787 1738
165.525 1725
165.263 1799
165.001 1796
164.739 1824
164.477 1692
164.215 1776
163.953 1722
163.691 1709
163.429 1726
163.167 1852
162.905 1792
162.643 1797
162.381 1765
162.119 1801
161.857 1818
161.595 1790
161.333 1797
161.072 1831
160.81 1841
160.548 1854
160.286 1777
160.024 1785
159.762 1773
159.5 1724
159.238 1757
158.976 1724
158.714 1721
158.452 1741
158.19 1760
157.928 1729
157.666 1718
157.404 1712
157.142 1699
156.88 1649
156.618 1805
156.356 1709
156.094 1802
155.832 1700
155.57 1725
155.308 1815
155.046 1841
154.784 1795
154.522 1759
154.26 1800
153.998 1833
153.736 1817
153.474 1741
153.212 1811
152.95 1823
152.688 1767
152.426 1791
152.164 1835
151.902 1835
151.64 1865
151.378 1784
151.116 1803
150.854 1786
150.592 1791
150.33 1824
150.068 1774
149.806 1810
149.544 1730
149.283 1827
149.021 1781
148.759 1729
148.497 1794
148.235 1732
147.973 1699
147.711 1770
147.449 1700
147.187 1749
146.925 1740
146.663 1802
146.401 1824
146.139 1772
145.877 1778
145.615 1844
145.353 1727
145.091 1742
144.829 1710
144.567 1791
144.305 1813
144.043 1771
143.781 1849
143.519 1682
143.257 1774
142.995 1820
142.733 1829
142.471 1856
142.209 1779
141.947 1831
141.685 1804
141.423 1758
141.161 1831
140.899 1761
140.637 1843
140.375 1844
140.113 1805
139.851 1840
139.589 1838
139.327 1747
139.065 1836
138.803 1749
138.541 1838
138.279 1837
138.017 1837
137.755 1752
137.494 1731
137.232 1763
136.97 1840
136.708 1831
136.446 1853
136.184 1757
135.922 1818
135.66 1780
135.398 1883
135.136 1795
134.874 1822
134.612 1835
134.35 1890
134.088 1777
133.826 1814
133.564 1801
133.302 1771
133.04 1844
132.778 1828
132.516 1831
132.254 1910
131.992 1817
131.73 1892
131.468 1833
131.206 1790
130.944 1809
130.682 1799
130.42 1875
130.158 1845
129.896 1855
129.634 1817
129.372 1750
129.11 1791
128.848 1859
128.586 1807
128.324 1830
128.062 1826
127.8 1854
127.538 1832
127.276 1854
127.014 1813
126.752 1839
126.49 1878
126.228 1807
125.966 1858
125.705 1916
125.443 1803
125.181 1909
124.919 1854
124.657 1836
124.395 1830
124.133 1846
123.871 1932
123.609 1848
123.347 1847
123.085 1810
122.823 1866
122.561 1916
122.299 1881
122.037 1853
121.775 1841
121.513 1753
121.251 1836
120.989 1939
120.727 1860
120.465 1796
120.203 1928
119.941 1870
119.679 1825
119.417 1914
119.155 1947
118.893 1879
118.631 1886
118.369 1839
118.107 1876
117.845 1881
117.583 1869
117.321 1873
117.059 1827
116.797 1900
116.535 1866
116.273 1876
116.011 1840
115.749 1909
115.487 1924
115.225 1916
114.963 1913
114.701 1846
114.439 1872
114.177 1864
113.916 1883
113.654 1932
113.392 1869
113.13 1917
112.868 1944
112.606 1860
112.344 1879
112.082 1833
111.82 1931
111.558 1848
111.296 1823
111.034 1910
110.772 1822
110.51 1923
110.248 1877
109.986 1901
109.724 1862
109.462 1921
109.2 1886
108.938 1852
108.676 1818
108.414 1771
108.152 1876
107.89 1896
107.628 1948
107.366 1916
107.104 1884
106.842 1895
106.58 1849
106.318 1843
106.056 1843
105.794 1883
105.532 1865
105.27 1845
105.008 1825
104.746 1856
104.484 1865
104.222 1960
103.96 1926
103.698 1895
103.436 1930
103.174 1874
102.912 2021
102.65 1955
102.388 1971
102.127 1984
101.865 2028
101.603 2090
101.341 1954
101.079 2088
100.817 2111
100.555 2048
100.293 2131
100.031 2089
99.7687 2093
99.5067 2071
99.2447 2160
98.9828 2221
98.7208 2261
98.4588 2239
98.1968 2285
97.9349 2262
97.6729 2292
97.4109 2247
97.1489 2315
96.8869 2271
96.625 2294
96.363 2295
96.101 2221
95.839 2260
95.5771 2232
95.3151 2137
95.0531 2178
94.7911 2084
94.5291 2074
94.2672 2052
94.0052 1905
93.7432 1962
93.4812 1918
93.2193 1933
92.9573 1900
92.6953 1900
92.4333 1875
92.1713 1875
91.9094 1881
91.6474 1843
91.3854 1817
91.1234 1859
90.8615 1820
90.5995 1770
90.3375 1758
90.0755 1855
89.8135 1790
89.5516 1811
89.2896 1734
89.0276 1845
88.7656 1793
88.5037 1822
88.2417 1785
87.9797 1863
87.7177 1726
87.4557 1779
87.1938 1788
86.9318 1814
86.6698 1772
86.4078 1731
86.1459 1748
85.8839 1794
85.6219 1790
85.3599 1752
85.0979 1715
84.836 1745
84.574 1707
84.312 1768
84.05 1762
83.7881 1819
83.5261 1804
83.2641 1709
83.0021 1811
82.7401 1842
82.4782 1779
82.2162 1704
81.9542 1768
81.6922 1801
81.4303 1736
81.1683 1830
80.9063 1774
80.6443 1772
80.3823 1881
80.1204 1781
79.8584 1771
79.5964 1749
79.3344 1770
79.0725 1757
78.8105 1802
78.5485 1788
78.2865 1722
78.0245 1836
77.7626 1774
77.5006 1750
77.2386 1763
76.9766 1807
76.7147 1846
76.4527 1859
76.1907 1971
75.9287 1937
75.6667 1977
75.4048 1986
75.1428 2012
74.8808 1926
74.6188 1912
74.3569 1928
74.0949 1887
73.8329 1837
73.5709 1838
73.3089 1933
73.047 1881
72.785 1925
72.523 2015
72.261 2020
71.9991 2187
71.7371 1953
71.4751 1939
71.2131 1878
70.9511 1889
70.6892 1729
70.4272 1826
70.1652 1766
69.9032 1738
69.6413 1729
69.3793 1698
69.1173 1761
68.8553 1723
68.5933 1704
68.3314 1737
68.0694 1791
67.8074 1744
67.5454 1855
67.2835 1793
67.0215 1938
66.7595 1843
66.4975 1895
66.2355 1938
65.9736 1905
65.7116 1979
65.4496 2057
65.1876 1971
64.9257 2056
64.6637 2051
64.4017 2094
64.1397 2102
63.8777 2116
63.6158 2054
63.3538 2076
63.0918 2111
62.8298 2185
62.5679 2164
62.3059 2171
62.0439 2146
61.7819 2108
61.5199 2200
61.258 2199
60.996 2201
60.734 2115
60.472 2180
60.2101 2217
59.9481 2255
59.6861 2237
59.4241 2210
59.1621 2227
58.9002 2254
58.6382 2261
58.3762 2232
58.1142 2260
57.8523 2252
57.5903 2212
57.3283 2180
57.0663 2122
56.8043 2132
56.5424 2136
56.2804 2055
56.0184 1948
55.7564 1995
55.4945 1873
55.2325 1760
54.9705 1729
54.7085 1763
54.4465 1629
54.1846 1621
53.9226 1596
53.6606 1468
53.3986 1522
53.1367 1444
52.8747 1394
52.6127 1362
52.3507 1347
52.0887 1317
51.8268 1271
51.5648 1255
51.3028 1258
51.0408 1215
50.7789 1197
50.5169 1236
50.2549 1183
49.9929 1135
49.7309 1125
49.469 1148
49.207 1121
48.945 1101
48.683 1058
48.4211 1028
48.1591 1031
47.8971 952
47.6351 983
47.3731 1036
47.1112 945
46.8492 977
46.5872 957
46.3252 1020
46.0633 1025
45.8013 941
45.5393 963
45.2773 1003
45.0153 997
44.7534 1014
44.4914 1041
44.2294 1012
43.9674 1004
43.7055 1063
43.4435 1010
43.1815 1091
42.9195 1049
42.6575 1115
42.3956 1103
42.1336 1119
41.8716 1058
41.6096 1104
41.3477 1065
41.0857 1090
40.8237 1101
40.5617 1109
40.2997 1110
40.0378 1043
39.7758 987
39.5138 939
39.2518 921
38.9899 924
38.7279 846
38.4659 873
38.2039 873
37.9419 930
37.68 898
37.418 879
37.156 907
36.894 910
36.6321 954
36.3701 842
36.1081 847
35.8461 908
35.5841 884
35.3222 910
35.0602 900
34.7982 951
34.5362 921
34.2743 884
34.0123 885
33.7503 920
33.4883 919
33.2263 932
32.9644 909
32.7024 878
32.4404 928
32.1784 958
31.9165 963
31.6545 966
31.3925 959
31.1305 949
30.8685 964
30.6066 939
30.3446 966
30.0826 1038
29.8206 985
29.5586 901
29.2967 956
29.0347 904
28.7727 952
28.5107 910
28.2488 953
27.9868 879
27.7248 958
27.4628 1024
27.2008 964
26.9389 950
26.6769 978
26.4149 966
26.1529 950
25.891 931
25.629 944
25.367 912
25.105 919
24.843 957
24.5811 906
24.3191 961
24.0571 958
23.7951 973
23.5332 924
23.2712 891
23.0092 930
22.7472 947
22.4852 947
22.2233 880
21.9613 871
21.6993 871
21.4373 913
21.1754 901
20.9134 850
20.6514 829
20.3894 866
20.1274 897
19.8655 851
19.6035 804
19.3415 794
19.0795 796
18.8176 866
18.5556 855
18.2936 796
18.0316 808
17.7696 778
17.5077 792
17.2457 792
16.9837 814
16.7217 723
16.4598 811
16.1978 797
15.9358 748
15.6738 763
15.4118 785
15.1499 722
14.8879 768
14.6259 755
14.3639 728
14.102 761
13.84 765
13.578 757
13.316 752
13.054 770
12.7921 763
12.5301 779
12.2681 771
12.0061 708
11.7442 731
11.4822 767
11.2202 776
10.9582 757
10.6962 708
10.4343 833
10.1723 800
9.91031 760
9.64834 856
9.38636 917
9.12438 897
8.8624 979
8.60042 1065
8.33845 1169
8.07647 1327
7.81449 1580
7.55251 1759
7.29054 2162
7.02856 2576
6.76658 2869
6.5046 3292
6.24262 3623
5.98065 3638
5.71867 3812
5.45669 3975
5.19471 3936
4.93274 4107
4.67076 3909
4.40878 3819
4.1468 3315
3.88482 2727
3.62285 2224
3.36087 1560
3.09889 1037
2.83691 745
2.57494 657
2.31296 582
2.05098 529
1.789 475
1.52702 430
1.26505 438
1.00307 382
0.74109 368
0.479113 353
0.217135 312
-0.044843 313
-0.306821 259
-0.568799 217
-0.830776 227
-1.09275 223
-1.35473 236
-1.61671 200
-1.87869 215
-2.14067 178
-2.40264 165
-2.66462 177
-2.9266 156
-3.18858 151
-3.45055 180
-3.71253 166
-3.97451 170
-4.23649 178
-4.49847 189
-4.76044 176
-5.02242 180
-5.2844 201
-5.54638 169
-5.80835 186
-6.07033 164
-6.33231 160
-6.59429 173
-6.85627 176
-7.11824 182
-7.38022 182
-7.6422 165
-7.90418 154
-8.16616 181
-8.42813 185
-8.69011 196
-8.95209 181
-9.21407 186
-9.47604 178
-9.73802 176
-10 177
