544 24462 25051.1 25051.1 25051.1 25051.1 25051.1
543.9 24422 25051.1 25051.1 25051.1 25051.1 -
543.8 24603 25051.1 25051.1 25051.1 25051.1 -
543.7 24542 25051.1 25051.1 25051.1 25051.1 -
543.6 24483 25051.1 25051.1 25051.1 25051.1 -
543.5 24434 25051.1 25051.1 25051.1 25051.1 -
543.4 24607 25051.1 25051.1 25051.1 25051.1 -
543.3 24569 25051.1 25051.1 25051.1 25051.1 -
543.2 24521 25051.1 25051.1 25051.1 25051.1 -
543.1 24489 25051.1 25051.1 25051.1 25051.1 -
543 24505 25051.1 25051.1 25051.1 25051.1 -
542.9 24291 25051.1 25051.1 25051.1 25051.1 -
542.8 24619 25051.1 25051.1 25051.1 25051.1 -
542.7 24716 25051.1 25051.1 25051.1 25051.1 -
542.6 24753 25051.1 25051.1 25051.1 25051.1 -
542.5 24486 25051.1 25051.1 25051.1 25051.1 -
542.4 24636 25051.1 25051.1 25051.1 25051.1 -
542.3 24849 25051.1 25051.1 25051.1 25051.1 -
542.2 24875 25051.1 25051.1 25051.1 25051.1 -
542.1 24841 25051.1 25051.1 25051.1 25051.1 -
542 25102 25051.1 25051.1 25051.1 25051.1 -
541.9 24996 25051.1 25051.1 25051.1 25051.1 -
541.8 25180 25051.1 25051.1 25051.1 25051.1 -
541.7 24991 25051.1 25051.1 25051.1 25051.1 -
541.6 24883 25051.1 25051.1 25051.1 25051.1 -
541.5 25103 25051.1 25051.1 25051.1 25051.1 -
541.4 25075 25051.1 25051.1 25051.1 25051.1 -
541.3 25482 25051.1 25051.1 25051.1 25051.1 -
541.2 25553 25051.1 25051.1 25051.1 25051.1 -
541.1 25411 25051 25051 25051.1 25051.1 -
541 25331 25051 25051 25051.1 25051.1 -
540.9 25157 25051 25051 25051.1 25051.1 -
540.8 25390 25051 25051 25051.1 25051.1 -
540.7 25452 25051 25051 25051.1 25051.1 -
540.6 25712 25051 25051 25051.1 25051.1 -
540.5 25228 25051 25051 25051.1 25051.1 -
540.4 25685 25051 25051 25051.1 25051.1 -
540.3 25640 25051 25051 25051.1 25051.1 -
540.2 25710 25051 25051 25051.1 25051.1 -
540.1 25459 25051 25051 25051.1 25051.1 -
540 25374 25051 25051 25051.1 25051.1 -
539.9 25621 25051 25051 25051.1 25051.1 -
539.8 25280 25051 25051 25051.1 25051.1 -
539.7 25440 25051 25051 25051.1 25051.1 -
539.6 25236 25051 25051 25051.1 25051.1 -
539.5 25232 25051 25051 25051.1 25051.1 -
539.4 25220 25051 25051 25051.1 25051.1 -
539.3 25395 25051 25051 25051.1 25051.1 -
539.2 25375 25051 25051 25051.1 25051.1 -
539.1 25154 25051 25051 25051.1 25051.1 -
539 25257 25051 25051 25051.1 25051.1 -
538.9 24985 25051 25051 25051.1 25051.1 -
538.8 25211 25051 25051 25051.1 25051.1 -
538.7 25139 25051 25051 25051.1 25051.1 -
538.6 25213 25051 25051 25051.1 25051.1 -
538.5 25334 25051 25051 25051.1 25051.1 -
538.4 25075 25051 25051 25051.1 25051.1 -
538.3 24905 25051 25051 25051.1 25051.1 -
538.2 25175 25051 25051 25051.1 25051.1 -
538.1 25138 25051 25051 25051.1 25051.1 -
538 25272 25051 25051 25051.1 25051.1 -
537.9 25047 25051 25051 25051.1 25051.1 -
537.8 24961 25051 25051 25051.1 25051.1 -
537.7 24859 25051 25051 25051.1 25051.1 -
537.6 24752 25051 25051 25051.1 25051.1 -
537.5 24952 25051 25051 25051.1 25051.1 -
537.4 25291 25051 25051 25051.1 25051.1 -
537.3 24957 25051 25051 25051.1 25051.1 -
537.2 25117 25051 25051 25051.1 25051.1 -
537.1 24766 25051 25051 25051.1 25051.1 -
537 24848 25051 25051 25051.1 25051.1 -
536.9 24929 25051 25051 25051.2 25051.1 -
536.8 24990 25051 25051 25051.2 25051.1 -
536.7 24792 25051.1 25051 25051.2 25051.1 -
536.6 25077 25051.1 25051 25051.3 25051.1 -
536.5 25109 25051.2 25051 25051.4 25051.1 -
536.4 24605 25051.3 25051 25051.5 25051.1 -
536.3 24951 25051.5 25051 25051.7 25051.1 -
536.2 25083 25051.8 25050.9 25052 25051.1 -
536.1 25009 25052.3 25050.9 25052.4 25051.1 -
536 24844 25052.9 25050.9 25053.1 25051.1 -
535.9 25083 25053.9 25050.9 25054.1 25051.1 -
535.8 25186 25055.3 25050.9 25055.5 25051.1 -
535.7 24982 25057.3 25050.9 25057.4 25051.1 -
535.6 25023 25060.1 25050.8 25060.3 25051.1 -
535.5 25060 25064 25050.8 25064.2 25051 -
535.4 25014 25069.4 25050.8 25069.6 25051 -
535.3 24876 25076.7 25050.7 25077 25050.9 -
535.2 24957 25086.7 25050.6 25087 25050.8 -
535.1 24651 25100.1 25050.4 25100.3 25050.7 -
535 24930 25117.7 25050.3 25117.9 25050.5 -
534.9 25349 25140.7 25050 25141 25050.3 -
534.8 24965 25170.5 25049.7 25170.8 25049.9 -
534.7 24985 25208.6 25049.3 25208.9 25049.5 -
534.6 25268 25256.7 25048.7 25257 25048.9 -
534.5 25513 25316.9 25048 25317 25048.2 -
534.4 25321 25391.1 25047.1 25391.2 25047.2 -
534.3 25401 25481.7 25046 25481.7 25046 -
534.2 25500 25591 25044.6 25590.8 25044.4 -
534.1 25919 25721.2 25042.9 25720.7 25042.4 -
534 26181 25874.5 25040.9 25873.6 25040 -
533.9 26129 26052.7 25038.5 26051.2 25037 -
533.8 26480 26257.5 25035.8 26255 25033.3 -
533.7 26783 26489.5 25032.7 26485.8 25028.9 -
533.6 26435 26749.2 25029.4 26743.5 25023.7 -
533.5 27291 27035.9 25025.9 27027.5 25017.5 -
533.4 27296 27348.1 25022.5 27335.9 25010.2 -
533.3 27530 27683.3 25019.3 27665.7 25001.8 -
533.2 27923 28037.8 25017 28013 24992.1 -
533.1 28481 28407.1 25015.8 28372.5 24981.2 -
533 28601 28785.7 25016.7 28737.9 24968.9 -
532.9 29069 29167.3 25020.3 29102.1 24955.1 -
532.8 29293 29545.1 25027.9 29457.1 24940 -
532.7 29974 29911.8 25040.7 29794.5 24923.4 -
532.6 29859 30260.5 25060.3 30105.7 24905.4 -
532.5 30466 30584.4 25088.3 30382.2 24886.2 -
532.4 30655 30877.4 25126.8 30616.2 24865.7 -
532.3 30985 31134.5 25177.8 30800.7 24844 -
532.2 31148 31351.9 25243.6 30929.7 24821.4 -
532.1 31664 31527.5 25326.3 30999.1 24797.9 -
532 31704 31660.7 25428.2 31006.1 24773.7 -
531.9 32043 31752.3 25551.1 30950.1 24748.9 -
531.8 31926 31805 25696.6 30832 24723.7 -
531.7 31716 31822.6 25866 30654.8 24698.2 -
531.6 31876 31810.2 26059.6 30423.2 24672.5 -
531.5 31934 31773.3 26277.2 30143 24646.8 -
531.4 31873 31718 26517.7 29821.5 24621.2 -
531.3 31989 31650 26778.8 29466.9 24595.7 -
531.2 31682 31574.5 27057.2 29087.5 24570.3 -
531.1 31607 31495.8 27348.8 28692.1 24545.1 -
531 31618 31417.2 27648 28289.2 24520 -
530.9 31211 31340.1 27948.8 27886.6 24495.2 -
530.8 31089 31264.9 28244.1 27491.5 24470.6 -
530.7 31410 31190.4 28526.4 27110.1 24446.1 -
530.6 31269 31113.8 28788.1 26747.6 24421.9 -
530.5 31115 31031.6 29021.5 26407.9 24397.8 -
530.4 30705 30939.5 29219.6 26093.8 24373.9 -
530.3 30838 30832.8 29375.9 25807.2 24350.3 -
530.2 30800 30706.9 29485.2 25548.7 24327 -
530.1 30485 30557.8 29543.5 25318.3 24304 -
530 30184 30382 29548.4 25115.1 24281.5 -
529.9 29997 30177.3 29499 24937.8 24259.5 -
529.8 29573 29942.9 29396.5 24784.6 24238.2 -
529.7 29842 29679.1 29243.4 24653.4 24217.7 -
529.6 29086 29387.8 29043.8 24542 24198 -
529.5 28938 29072 28803.1 24448.2 24179.4 -
529.4 28783 28736 28528 24369.8 24161.8 -
529.3 28727 28384.9 28225.6 24304.6 24145.3 -
529.2 28306 28024.4 27903.6 24250.9 24130 -
529.1 27769 27660.4 27569.6 24206.7 24116 -
529 27548 27298.7 27231.3 24170.7 24103.3 -
528.9 27237 26945.1 26895.5 24141.4 24091.8 -
528.8 26615 26604.6 26568.5 24117.6 24081.5 -
528.7 26493 26281.6 26255.6 24098.5 24072.4 -
528.6 25695 25979.6 25961 24083.1 24064.5 -
528.5 25605 25701.1 25688 24070.7 24057.6 -
528.4 24976 25447.9 25438.7 24060.9 24051.7 -
528.3 24876 25220.8 25214.4 24053 24046.6 -
528.2 24779 25019.8 25015.4 24046.8 24042.4 -
528.1 24490 24844.1 24841.1 24041.9 24038.9 -
528 24690 24692.5 24690.5 24038 24036 -
527.9 24427 24563.4 24562.1 24035 24033.6 -
527.8 24204 24454.8 24454 24032.6 24031.7 -
527.7 24381 24364.6 24364 24030.8 24030.2 -
527.6 24141 24290.5 24290.2 24029.4 24029 -
527.5 24472 24230.5 24230.2 24028.3 24028.1 -
527.4 24220 24182.3 24182.2 24027.5 24027.3 -
527.3 24022 24144.2 24144.1 24026.9 24026.8 -
527.2 23797 24114.3 24114.3 24026.4 24026.3 -
527.1 23959 24091.3 24091.2 24026.1 24026 -
527 23666 24073.6 24073.6 24025.8 24025.8 -
526.9 24139 24060.3 24060.3 24025.6 24025.6 -
526.8 24159 24050.3 24050.3 24025.5 24025.5 -
526.7 23978 24043 24043 24025.4 24025.4 -
526.6 23991 24037.6 24037.6 24025.3 24025.3 -
526.5 24045 24033.7 24033.7 24025.3 24025.3 -
526.4 24025 24031 24031 24025.3 24025.3 -
526.3 23964 24029 24029 24025.3 24025.3 -
526.2 23943 24027.7 24027.7 24025.2 24025.2 -
526.1 24226 24026.7 24026.7 24025.2 24025.2 -
526 24072 24026.1 24026.1 24025.2 24025.2 -
525.9 23921 24025.7 24025.7 24025.2 24025.2 -
525.8 23753 24025.4 24025.4 24025.2 24025.2 -
525.7 24004 24025.2 24025.2 24025.2 24025.2 -
525.6 23893 24025.1 24025.1 24025.2 24025.2 -
525.5 23724 24025 24025 24025.2 24025.2 -
525.4 24142 24025 24025 24025.2 24025.2 -
525.3 24208 24025 24025 24025.2 24025.2 -
525.2 23724 24025 24025 24025.2 24025.2 -
525.1 23916 24025 24025 24025.2 24025.2 -
525 24171 24025 24025 24025.2 24025.2 -
524.9 24275 24025 24025 24025.2 24025.2 -
524.8 23967 24025 24025 24025.2 24025.2 -
524.7 24134 24025 24025 24025.2 24025.2 -
524.6 24245 24025 24025 24025.2 24025.2 -
524.5 24221 24025 24025 24025.2 24025.2 -
524.4 24265 24025 24025 24025.2 24025.2 -
524.3 23953 24025 24025 24025.2 24025.2 -
524.2 23984 24025 24025 24025.2 24025.2 -
524.1 24283 24025 24025 24025.2 24025.2 -
524 23990 24025.1 24025.1 24025.2 24025.2 24025.1
