170 16519 16030.7 16045.3 16030.7 16045.3 16045.3 16030.7
169.9 16545 16030.4 16045.3 16030.4 16045.3 16045.3 -
169.8 16382 16030.1 16045.4 16030.1 16045.4 16045.4 -
169.7 16408 16029.8 16045.4 16029.8 16045.4 16045.4 -
169.6 16448 16029.5 16045.5 16029.5 16045.5 16045.5 -
169.5 16637 16029.2 16045.5 16029.2 16045.5 16045.5 -
169.4 16188 16028.8 16045.6 16028.8 16045.6 16045.6 -
169.3 16119 16028.5 16045.7 16028.5 16045.7 16045.7 -
169.2 16345 16028.1 16045.7 16028.1 16045.7 16045.7 -
169.1 16400 16027.7 16045.8 16027.7 16045.8 16045.8 -
169 16474 16027.3 16045.8 16027.3 16045.8 16045.8 -
168.9 16486 16026.9 16045.9 16026.9 16045.9 16045.9 -
168.8 16020 16026.4 16046 16026.4 16046 16046 -
168.7 16472 16026 16046 16026 16046 16046 -
168.6 16470 16025.5 16046.1 16025.5 16046.1 16046.1 -
168.5 15923 16025 16046.2 16025 16046.2 16046.2 -
168.4 16183 16024.4 16046.2 16024.4 16046.2 16046.2 -
168.3 16273 16023.9 16046.3 16023.9 16046.3 16046.3 -
168.2 16120 16023.3 16046.4 16023.3 16046.4 16046.4 -
168.1 16346 16022.7 16046.5 16022.7 16046.5 16046.4 -
168 16125 16022.1 16046.6 16022 16046.6 16046.5 -
167.9 16275 16021.6 16046.7 16021.3 16046.7 16046.6 -
167.8 16329 16021.2 16046.9 16020.6 16047 16046.7 -
167.7 16388 16021.1 16047.3 16019.9 16047.5 16046.8 -
167.6 16514 16021.6 16047.7 16019.1 16048.5 16046.8 -
167.5 16247 16023.6 16048.5 16018.2 16050.7 16046.9 -
167.4 16273 16028.4 16049.8 16017.3 16055.3 16047 -
167.3 16188 16038.2 16051.8 16016.4 16064.2 16047.1 -
167.2 16361 16056.8 16055.1 16015.3 16080.6 16047.1 -
167.1 16354 16089.9 16060.3 16014.1 16109.6 16047.1 -
167 16296 16145.4 16068.7 16012.7 16157.8 16046.9 -
166.9 16521 16233.1 16081.6 16011.1 16233.6 16046.6 -
166.8 16698 16364.1 16101.3 16009.1 16345.6 16046 -
166.7 16858 16549.2 16131.1 16006.6 16501.3 16045 -
166.6 16996 16796.4 16175.3 16003.4 16704.2 16043.3 -
166.5 17391 17108 16239.8 15999.3 16950.6 16040.8 -
166.4 17562 17479.5 16332.2 15994 17227.9 16037.3 -
166.3 17915 17898.4 16462.5 15987.4 17513.7 16032.6 -
166.2 18207 18347.4 16643.1 15979.3 17778 16026.5 -
166.1 18439 18808.4 16888.8 15969.5 17987.9 16018.9 -
166 19029 19269.6 17217.1 15958 18114 16009.8 -
165.9 19550 19730.8 17647.4 15944.8 18136.8 15999.1 -
165.8 19905 20207.9 18200.5 15929.9 18051.3 15986.9 -
165.7 20565 20732.7 18897.5 15913.1 17868.2 15973.1 -
165.6 21525 21348.6 19757.9 15894.4 17611.4 15957.5 -
165.5 22443 22103.6 20798.1 15873.2 17311.9 15939.9 -
165.4 23336 23040.7 22029.1 15849.3 17001.7 15919.7 -
165.3 24613 24190.5 23453.9 15821.8 16707.6 15896.4 -
165.2 25550 25564.6 25065.6 15790.1 16447.3 15869.2 -
165.1 27196 27153.2 26845.7 15753.4 16229.1 15837.5 -
165 28770 28925.2 28762.6 15710.8 16052.7 15800.5 -
164.9 30430 30830.2 30771.6 15661.7 15911.9 15757.5 -
164.8 32143 32802.8 32815.5 15605.6 15798 15708.2 -
164.7 33909 34766.4 34826.8 15542 15701.9 15652.2 -
164.6 35460 36638.4 36731 15471 15615.8 15589.6 -
164.5 37317 38335.3 38450.5 15392.5 15533.8 15520.7 -
164.4 39360 39777.1 39910 15307 15452.3 15446.1 -
164.3 41057 40893 41041.7 15215 15369.2 15366.4 -
164.2 41772 41625.7 41790.1 15117.3 15284.1 15282.9 -
164.1 42353 41935.2 42116.7 15014.7 15197.1 15196.7 -
164 42346 41802 42002.6 14908.3 15109.3 15109.1 -
163.9 41865 41228 41450.7 14799 15021.8 15021.8 -
163.8 40581 40236.8 40485 14687.8 14936 14936 -
163.7 38961 38871.6 39148.8 14575.9 14853.2 14853.2 -
163.6 36341 37193.1 37501.7 14466 14774.6 14774.5 -
163.5 34714 35276.8 35614.5 14363.5 14701.2 14701.2 -
163.4 32071 33211.4 33564.3 14281 14633.8 14633.8 -
163.3 30142 31099.9 31429.2 14243.7 14573 14573 -
163.2 28312 29061.9 29283.5 14297.3 14518.9 14518.9 -
163.1 26815 27234.6 27192.9 14512.9 14471.3 14471.3 -
163 25676 25766.6 25212.2 14983.9 14429.5 14429.5 -
162.9 25035 24795.9 23382.6 15805.7 14392.4 14392.4 -
162.8 24796 24408.3 21731.9 17034.7 14358.4 14358.4 -
162.7 24560 24583.9 20274.5 18634.8 14325.5 14325.5 -
162.6 25102 25158 19013.4 20436.3 14292.1 14291.9 -
162.5 25644 25834.2 17942.7 22147.4 14256.8 14256.3 -
162.4 25894 26280.3 17049.9 23447.7 14219.6 14218.4 -
162.3 26016 26268.5 16318.7 24126.1 14181.7 14179 -
162.2 25978 25761.8 15730.7 24164.1 14145.7 14139.4 -
162.1 25394 25044.5 15266.8 23865.3 14115.1 14101.3 -
162 24264 24166.1 14907.3 23296.1 14093.8 14065.5 -
161.9 23234 23132.9 14634.1 22475.7 14088 14032.5 -
161.8 21918 21984 14431.6 21451.5 14106.3 14002.7 -
161.7 20596 20790.8 14287 20296.7 14160.2 13976.6 -
161.6 19392 19642.8 14190.4 19097.1 14263.8 13954.3 -
161.5 18301 18630.1 14135 17934.7 14431.7 13935.6 -
161.4 17747 17827.4 14117 16875 14675.9 13920.3 -
161.3 17250 17283.7 14135.9 15961.1 15001.7 13907.5 -
161.2 17190 17016.8 14194.7 15212.3 15402.6 13896.4 -
161.1 17165 17012.7 14299.8 14628.2 15857.1 13886.2 -
161 17493 17231.2 14461.7 14193.9 16327.7 13876 -
160.9 17567 17614.6 14694.6 13885.9 16764.1 13865 -
160.8 17899 18101.1 15017 13677.9 17111.6 13852.7 -
160.7 18377 18638.9 15451.1 13544.1 17321.3 13838.8 -
160.6 19036 19199.1 16022.3 13462.4 17360.7 13823.1 -
160.5 19580 19783.1 16757.8 13414.7 17221.6 13805.5 -
160.4 20544 20423 17685.6 13387.5 16921.8 13785.9 -
160.3 21230 21175 18831.6 13371.1 16500.7 13764.2 -
160.2 22478 22106.7 20217.8 13358.8 16010 13740 -
160.1 23792 23281.9 21858.5 13345.8 15502.7 13712.6 -
160 24976 24747.7 23757.9 13329.1 15023.2 13681.3 -
159.9 26814 26524.5 25906.9 13306.3 14601.3 13645 -
159.8 28310 28601.3 28280.5 13275.8 14250.7 13602.9 -
159.7 30493 30936.3 30836.6 13236.3 13971 13553.8 -
159.6 32495 33460.9 33515.7 13186.7 13752.3 13496.9 -
159.5 34482 36084.8 36241.3 13126.4 13580.2 13431.5 -
159.4 37084 38703.4 38923.5 13055 13439.6 13357.4 -
159.3 39541 41204.1 41462.9 12972.5 13317.7 13274.4 -
159.2 42269 43473.7 43756 12879.1 13204.6 13183 -
159.1 44296 45404.3 45702.4 12775.4 13094.1 13083.9 -
159 46424 46900.7 47211.7 12662.4 12982.7 12978.1 -
158.9 47840 47886 48210 12541 12869 12867 -
158.8 48434 48306.8 48645.7 12412.6 12753.2 12752.4 -
158.7 48657 48136.8 48494 12278.6 12636.4 12636 -
158.6 47681 47378.8 47758.4 12140.1 12519.9 12519.8 -
158.5 46241 46064.1 46471.1 11998.8 12405.8 12405.7 -
158.4 44618 44250.6 44689.8 11856.4 12295.6 12295.6 -
158.3 41187 42019.5 42493.8 11716.6 12191 12191 -
158.2 38222 39471.8 39977.7 11587.4 12093.3 12093.3 -
158.1 35135 36727 37244.3 11486.5 12003.7 12003.7 -
158 32559 33923.9 34397.7 11448.9 11922.8 11922.8 -
157.9 30198 31223.2 31536.9 11537.1 11850.8 11850.8 -
157.8 27955 28809 28749.5 11846.8 11787.4 11787.4 -
157.7 26586 26877.7 26108.5 12500.8 11731.7 11731.7 -
157.6 25743 25607.1 23669 13620.2 11682.1 11682.1 -
157.5 25726 25100.2 21467.8 15268.8 11636.5 11636.5 -
157.4 25430 25315.1 19524.3 17383.1 11592.4 11592.4 -
157.3 26191 26019.4 17842.6 19724.3 11547.5 11547.5 -
157.2 26581 26817.8 16414.8 21903.1 11500.1 11500.1 -
157.1 26954 27286.3 15224.3 23511.9 11450 11450 -
157 26900 27151.1 14249.5 24299.8 11398.2 11398.2 -
156.9 26805 26404.7 13465.6 24285.8 11346.6 11346.6 -
156.8 26052 25413.4 12846.3 23864.4 11297.3 11297.3 -
156.7 24615 24208.4 12365 23094.4 11251.1 11251.1 -
156.6 23178 22792.3 11996.7 22004.3 11208.7 11208.7 -
156.5 20863 21207.6 11719.1 20659.3 11170.8 11170.8 -
156.4 19065 19532.4 11513.3 19157.1 11137.9 11137.9 -
156.3 17413 17862 11363.2 17609.2 11110.5 11110.5 -
156.2 15986 16287.9 11255.8 16120.5 11088.4 11088.4 -
156.1 14572 14882.2 11180.4 14773.1 11071.3 11071.3 -
156 13862 13689.7 11128.8 13619.8 11058.9 11058.9 -
155.9 13004 12727.2 11094.3 12683.1 11050.3 11050.3 -
155.8 12663 11987.9 11072.1 11960.6 11044.8 11044.8 -
155.7 12102 11448.4 11058.4 11431.7 11041.7 11041.7 -
155.6 12099 11075.8 11050.4 11065.8 11040.4 11040.4 -
155.5 11990 10834.5 11046.1 10828.6 11040.2 11040.2 -
155.4 11822 10690.9 11044.3 10687.4 11040.9 11040.9 -
155.3 11698 10615.9 11044 10613.9 11042.1 11042.1 -
155.2 11601 10586.5 11044.6 10585.3 11043.4 11043.4 -
155.1 11497 10585.4 11045.6 10584.8 11044.9 11044.9 -
155 11473 10600.6 11046.8 10600.2 11046.4 11046.4 -
154.9 11455 10624.1 11048.1 10623.9 11047.9 11047.9 -
154.8 11344 10651 11049.4 10650.9 11049.3 11049.3 -
154.7 11372 10678.4 11050.6 10678.4 11050.6 11050.6 -
154.6 11316 10704.8 11051.8 10704.8 11051.8 11051.8 -
154.5 11359 10729.5 11053 10729.4 11053 11053 -
154.4 11426 10752.1 11054 10752.1 11054 11054 -
154.3 11433 10772.8 11055 10772.8 11055 11055 -
154.2 11460 10791.7 11055.9 10791.7 11055.9 11055.9 -
154.1 11190 10808.8 11056.8 10808.8 11056.8 11056.8 -
154 11194 10824.4 11057.6 10824.4 11057.6 11057.6 -
153.9 11304 10838.7 11058.4 10838.7 11058.4 11058.4 -
153.8 11419 10851.8 11059.1 10851.8 11059.1 11059.1 -
153.7 11407 10863.8 11059.8 10863.8 11059.8 11059.8 -
153.6 11183 10874.8 11060.4 10874.8 11060.4 11060.4 -
153.5 11309 10885 11061 10885 11061 11061 -
153.4 11472 10894.4 11061.6 10894.4 11061.6 11061.6 -
153.3 11414 10903.1 11062.1 10903.1 11062.1 11062.1 -
153.2 11219 10911.2 11062.7 10911.2 11062.7 11062.7 -
153.1 11594 10918.7 11063.1 10918.7 11063.1 11063.1 -
153 11408 10925.7 11063.6 10925.7 11063.6 11063.6 -
152.9 11324 10932.3 11064.1 10932.3 11064.1 11064.1 -
152.8 11168 10938.4 11064.5 10938.4 11064.5 11064.5 -
152.7 11137 10944.1 11064.9 10944.1 11064.9 11064.9 -
152.6 11130 10949.5 11065.3 10949.5 11065.3 11065.3 -
152.5 11149 10954.5 11065.7 10954.5 11065.7 11065.7 -
152.4 10948 10959.3 11066.1 10959.3 11066.1 11066.1 -
152.3 11010 10963.7 11066.4 10963.7 11066.4 11066.4 -
152.2 11112 10967.9 11066.7 10967.9 11066.7 11066.7 -
152.1 11047 10971.9 11067.1 10971.9 11067.1 11067.1 -
152 10705 10975.7 11067.4 10975.7 11067.4 11067.4 -
151.9 10703 10979.2 11067.7 10979.2 11067.7 11067.7 -
151.8 10570 10982.6 11068 10982.6 11068 11068 -
151.7 10839 10985.8 11068.2 10985.8 11068.2 11068.2 -
151.6 10755 10988.8 11068.5 10988.8 11068.5 11068.5 -
151.5 10520 10991.7 11068.8 10991.7 11068.8 11068.8 -
151.4 10413 10994.5 11069 10994.5 11069 11069 -
151.3 10483 10997.1 11069.3 10997.1 11069.3 11069.3 -
151.2 10704 10999.6 11069.5 10999.6 11069.5 11069.5 -
151.1 10488 11002 11069.7 11002 11069.7 11069.7 -
151 10503 11004.2 11070 11004.2 11070 11070 -
150.9 10327 11006.4 11070.2 11006.4 11070.2 11070.2 -
150.8 10473 11008.5 11070.4 11008.5 11070.4 11070.4 -
150.7 10488 11010.5 11070.6 11010.5 11070.6 11070.6 -
150.6 10243 11012.3 11070.8 11012.3 11070.8 11070.8 -
150.5 10507 11014.2 11071 11014.2 11071 11071 -
150.4 10292 11015.9 11071.2 11015.9 11071.2 11071.2 -
150.3 10287 11017.6 11071.3 11017.6 11071.3 11071.3 -
150.2 10452 11019.2 11071.5 11019.2 11071.5 11071.5 -
150.1 10388 11020.7 11071.7 11020.7 11071.7 11071.7 -
150 10232 11022.2 11071.9 11022.2 11071.9 11071.9 11022.2
