294 9849 9865.33 9865.33 9865.33 9865.33 9865.33 9865.33 9865.33
293.9 9932 9865.33 9865.33 9865.33 9865.33 9865.33 9865.33 -
293.8 9731 9865.33 9865.33 9865.33 9865.33 9865.33 9865.33 -
293.7 9979 9865.33 9865.33 9865.33 9865.33 9865.33 9865.33 -
293.6 9900 9865.33 9865.33 9865.33 9865.33 9865.33 9865.33 -
293.5 9761 9865.33 9865.33 9865.33 9865.33 9865.33 9865.33 -
293.4 9979 9865.33 9865.33 9865.33 9865.33 9865.33 9865.33 -
293.3 9871 9865.33 9865.33 9865.33 9865.33 9865.33 9865.33 -
293.2 9903 9865.34 9865.33 9865.33 9865.33 9865.34 9865.33 -
293.1 10005 9865.34 9865.33 9865.33 9865.33 9865.34 9865.33 -
293 9787 9865.34 9865.33 9865.33 9865.33 9865.34 9865.33 -
292.9 9821 9865.35 9865.33 9865.33 9865.33 9865.35 9865.33 -
292.8 9731 9865.36 9865.33 9865.33 9865.33 9865.36 9865.33 -
292.7 9715 9865.37 9865.33 9865.33 9865.33 9865.37 9865.33 -
292.6 9918 9865.4 9865.33 9865.33 9865.33 9865.4 9865.33 -
292.5 9885 9865.43 9865.33 9865.33 9865.33 9865.43 9865.33 -
292.4 9775 9865.48 9865.33 9865.33 9865.33 9865.48 9865.33 -
292.3 10127 9865.55 9865.33 9865.33 9865.33 9865.55 9865.33 -
292.2 9864 9865.66 9865.33 9865.33 9865.33 9865.66 9865.33 -
292.1 9982 9865.82 9865.33 9865.33 9865.33 9865.82 9865.33 -
292 9713 9866.04 9865.33 9865.33 9865.33 9866.04 9865.33 -
291.9 9724 9866.34 9865.33 9865.33 9865.33 9866.34 9865.33 -
291.8 9841 9866.77 9865.33 9865.33 9865.33 9866.77 9865.33 -
291.7 9734 9867.36 9865.33 9865.33 9865.33 9867.36 9865.33 -
291.6 9921 9868.17 9865.32 9865.32 9865.33 9868.17 9865.32 -
291.5 9752 9869.25 9865.32 9865.32 9865.32 9869.24 9865.32 -
291.4 9776 9870.68 9865.32 9865.32 9865.32 9870.68 9865.32 -
291.3 9851 9872.56 9865.31 9865.31 9865.32 9872.55 9865.31 -
291.2 9871 9875 9865.3 9865.3 9865.31 9874.99 9865.3 -
291.1 9681 9878.14 9865.29 9865.29 9865.31 9878.12 9865.29 -
291 10097 9882.12 9865.27 9865.27 9865.31 9882.08 9865.27 -
290.9 10038 9887.1 9865.25 9865.25 9865.32 9887.04 9865.25 -
290.8 9947 9893.28 9865.23 9865.23 9865.34 9893.17 9865.23 -
290.7 9937 9900.85 9865.2 9865.2 9865.38 9900.67 9865.2 -
290.6 9860 9910.01 9865.15 9865.15 9865.46 9909.71 9865.15 -
290.5 10020 9920.98 9865.1 9865.1 9865.59 9920.49 9865.1 -
290.4 10073 9933.96 9865.03 9865.03 9865.83 9933.17 9865.03 -
290.3 9950 9949.15 9864.95 9864.95 9866.21 9947.89 9864.95 -
290.2 10087 9966.72 9864.85 9864.85 9866.81 9964.76 9864.85 -
290.1 10022 9986.83 9864.73 9864.73 9867.73 9983.83 9864.73 -
290 9983 10009.6 9864.58 9864.58 9869.1 10005.1 9864.58 -
289.9 9944 10035.1 9864.41 9864.41 9871.12 10028.4 9864.41 -
289.8 10023 10063.5 9864.21 9864.21 9874.01 10053.7 9864.21 -
289.7 10110 10094.6 9863.97 9863.97 9878.06 10080.5 9863.97 -
289.6 10168 10128.6 9863.7 9863.7 9883.63 10108.7 9863.7 -
289.5 10181 10165.4 9863.38 9863.39 9891.14 10137.6 9863.38 -
289.4 10190 10204.8 9863.02 9863.03 9901.07 10166.8 9863.02 -
289.3 10140 10246.9 9862.62 9862.63 9913.93 10195.6 9862.62 -
289.2 10130 10291.5 9862.16 9862.19 9930.28 10223.4 9862.16 -
289.1 10342 10338.4 9861.65 9861.7 9950.65 10249.4 9861.65 -
289 10435 10387.5 9861.08 9861.19 9975.52 10273 9861.08 -
288.9 10489 10438.4 9860.46 9860.65 10005.3 10293.4 9860.46 -
288.8 10395 10490.9 9859.77 9860.14 10040.1 10310.2 9859.77 -
288.7 10628 10544.4 9859.02 9859.69 10080.1 10322.6 9859.02 -
288.6 10677 10598.4 9858.2 9859.4 10124.9 10330.5 9858.2 -
288.5 10604 10652.2 9857.33 9859.41 10174 10333.4 9857.32 -
288.4 10818 10704.9 9856.38 9859.95 10226.4 10331.3 9856.38 -
288.3 10686 10755.7 9855.38 9861.33 10280.9 10324.2 9855.37 -
288.2 10831 10803.6 9854.32 9864.05 10335.9 10312.2 9854.3 -
288.1 10966 10848 9853.22 9868.78 10389.7 10295.8 9853.17 -
288 10818 10888.1 9852.09 9876.43 10440.1 10275.4 9851.99 -
287.9 11064 10923.8 9850.95 9888.22 10485.3 10251.6 9850.75 -
287.8 10877 10955.4 9849.84 9905.68 10523.3 10225 9849.48 -
287.7 10706 10983.6 9848.82 9930.65 10552.4 10196.2 9848.16 -
287.6 10999 11010.1 9848 9965.31 10571.1 10166.1 9846.81 -
287.5 10995 11037.1 9847.54 10012 10578.6 10135.3 9845.43 -
287.4 11092 11067.6 9847.67 10073.2 10574.5 10104.4 9844.01 -
287.3 11017 11104.9 9848.79 10151.1 10558.7 10074 9842.56 -
287.2 11477 11152.6 9851.48 10247.5 10532.2 10044.6 9841.05 -
287.1 11154 11214.3 9856.61 10363.6 10495.8 10016.7 9839.49 -
287 11372 11292.9 9865.44 10499.2 10451.3 9990.52 9837.86 -
286.9 11381 11390.9 9879.76 10652.8 10400.4 9966.26 9836.13 -
286.8 11453 11509.6 9902.05 10821.2 10345.2 9944.05 9834.28 -
286.7 11834 11649.6 9935.61 10999.4 10287.5 9923.92 9832.29 -
286.6 11705 11810.5 9984.77 11180.9 10229.3 9905.82 9830.13 -
286.5 11943 11991.3 10055 11357.7 10172.3 9889.65 9827.77 -
286.4 12170 12191.3 10152.9 11521 10117.8 9875.25 9825.2 -
286.3 12207 12410.4 10286.3 11661.9 10067 9862.45 9822.38 -
286.2 12606 12649.6 10464 11772 10020.6 9851.04 9819.31 -
286.1 13021 12911.8 10695.4 11844.5 9978.89 9840.82 9815.94 -
286 13089 13201.5 10990 11874.6 9942.11 9831.56 9812.26 -
285.9 13541 13525 11356.5 11860.1 9910.07 9823.04 9808.23 -
285.8 13896 13889.4 11801.8 11801.6 9882.42 9815.06 9803.81 -
285.7 14486 14301.7 12329.9 11702.5 9858.67 9807.41 9798.95 -
285.6 14727 14766.9 12940.9 11568.6 9838.24 9799.89 9793.59 -
285.5 15598 15286.9 13629.7 11407.5 9820.53 9792.31 9787.68 -
285.4 15803 15858.7 14384.9 11227.7 9804.93 9784.51 9781.14 -
285.3 16435 16473 15189.4 11038.1 9790.87 9776.34 9773.91 -
285.2 17075 17114.1 16019.2 10847.2 9777.84 9767.68 9765.94 -
285.1 17699 17759.7 16845.3 10662.2 9765.42 9758.43 9757.21 -
285 18372 18382.3 17634.6 10489 9753.27 9748.54 9747.69 -
284.9 18881 18950.7 18352.1 10331.6 9741.15 9738.01 9737.42 -
284.8 19232 19432.4 18963.4 10192.6 9728.92 9726.87 9726.46 -
284.7 19584 19796.9 19437.2 10072.8 9716.51 9715.19 9714.92 -
284.6 20123 20018.2 19748.2 9971.79 9703.94 9703.11 9702.93 -
284.5 20285 20077.5 19879.1 9888.34 9691.3 9690.78 9690.66 -
284.4 19766 19965 19822.3 9820.54 9678.7 9678.39 9678.31 -
284.3 19901 19680.9 19580.5 9766.23 9666.31 9666.13 9666.08 -
284.2 19261 19235.4 19166.2 9723.18 9654.31 9654.2 9654.17 -
284.1 18914 18648 18601.4 9689.31 9642.86 9642.79 9642.77 -
284 17943 17945.3 17914.5 9662.78 9632.11 9632.08 9632.06 -
283.9 17300 17158.8 17138.9 9642.01 9622.2 9622.18 9622.18 -
283.8 16132 16322.4 16309.8 9625.75 9613.23 9613.22 9613.21 -
283.7 15631 15469.4 15461.7 9612.99 9605.24 9605.24 9605.23 -
283.6 14476 14630.6 14625.9 9602.95 9598.26 9598.26 9598.26 -
283.5 13699 13832 13829.2 9595.06 9592.28 9592.28 9592.27 -
283.4 12911 13093.9 13092.3 9588.84 9587.23 9587.23 9587.23 -
283.3 12341 12430.3 12429.4 9583.98 9583.06 9583.06 9583.06 -
283.2 11761 11849.2 11848.7 9580.18 9579.68 9579.68 9579.68 -
283.1 11301 11352.8 11352.6 9577.25 9576.98 9576.98 9576.98 -
283 10970 10939 10938.8 9575.01 9574.87 9574.87 9574.86 -
282.9 10658 10601.8 10601.8 9573.32 9573.24 9573.24 9573.24 -
282.8 10495 10333.4 10333.3 9572.06 9572.02 9572.02 9572.02 -
282.7 10196 10124.3 10124.3 9571.13 9571.11 9571.11 9571.11 -
282.6 10078 9965.07 9965.06 9570.47 9570.46 9570.46 9570.46 -
282.5 9977 9846.3 9846.29 9569.99 9569.99 9569.99 9569.99 -
282.4 9878 9759.58 9759.58 9569.66 9569.66 9569.66 9569.66 -
282.3 9862 9697.58 9697.58 9569.43 9569.43 9569.43 9569.43 -
282.2 9857 9654.16 9654.16 9569.28 9569.28 9569.28 9569.28 -
282.1 9669 9624.37 9624.37 9569.18 9569.18 9569.18 9569.18 -
282 9714 9604.34 9604.34 9569.11 9569.11 9569.11 9569.11 -
281.9 9668 9591.14 9591.14 9569.07 9569.07 9569.07 9569.07 -
281.8 9703 9582.62 9582.62 9569.05 9569.05 9569.05 9569.05 -
281.7 9612 9577.22 9577.22 9569.03 9569.03 9569.03 9569.03 -
281.6 9525 9573.88 9573.88 9569.02 9569.02 9569.02 9569.02 -
281.5 9791 9571.84 9571.84 9569.01 9569.01 9569.01 9569.01 -
281.4 9551 9570.62 9570.62 9569.01 9569.01 9569.01 9569.01 -
281.3 9488 9569.91 9569.91 9569.01 9569.01 9569.01 9569.01 -
281.2 9589 9569.51 9569.51 9569.01 9569.01 9569.01 9569.01 -
281.1 9504 9569.28 9569.28 9569.01 9569.01 9569.01 9569.01 -
281 9631 9569.15 9569.15 9569.01 9569.01 9569.01 9569.01 -
280.9 9641 9569.08 9569.08 9569.01 9569.01 9569.01 9569.01 -
280.8 9757 9569.04 9569.04 9569.01 9569.01 9569.01 9569.01 -
280.7 9520 9569.02 9569.02 9569.01 9569.01 9569.01 9569.01 -
280.6 9423 9569.02 9569.02 9569.01 9569.01 9569.01 9569.01 -
280.5 9466 9569.01 9569.01 9569.01 9569.01 9569.01 9569.01 -
280.4 9482 9569.01 9569.01 9569.01 9569.01 9569.01 9569.01 -
280.3 9443 9569.01 9569.01 9569.01 9569.01 9569.01 9569.01 -
280.2 9454 9569.01 9569.01 9569.01 9569.01 9569.01 9569.01 -
280.1 9458 9569.01 9569.01 9569.01 9569.01 9569.01 9569.01 -
280 9473 9569.01 9569.01 9569.01 9569.01 9569.01 9569.01 -
279.9 9526 9569.01 9569.01 9569.01 9569.01 9569.01 9569.01 -
279.8 9678 9569.01 9569.01 9569.01 9569.01 9569.01 9569.01 -
279.7 9429 9569.01 9569.01 9569.01 9569.01 9569.01 9569.01 -
279.6 9645 9569.01 9569.01 9569.01 9569.01 9569.01 9569.01 -
279.5 9537 9569.01 9569.01 9569.01 9569.01 9569.01 9569.01 -
279.4 9546 9569.01 9569.01 9569.01 9569.01 9569.01 9569.01 -
279.3 9384 9569.01 9569.01 9569.01 9569.01 9569.01 9569.01 -
279.2 9587 9569.01 9569.01 9569.01 9569.01 9569.01 9569.01 -
279.1 9671 9569.01 9569.01 9569.01 9569.01 9569.01 9569.01 -
279 9638 9569.01 9569.01 9569.01 9569.01 9569.01 9569.01 -
278.9 9508 9569.01 9569.01 9569.01 9569.01 9569.01 9569.01 -
278.8 9350 9569.01 9569.01 9569.01 9569.01 9569.01 9569.01 -
278.7 9364 9569.01 9569.01 9569.01 9569.01 9569.01 9569.01 -
278.6 9708 9569.01 9569.01 9569.01 9569.01 9569.01 9569.01 -
278.5 9512 9569.01 9569.01 9569.01 9569.01 9569.01 9569.01 -
278.4 9619 9569.01 9569.01 9569.01 9569.01 9569.01 9569.01 -
278.3 9479 9569.01 9569.01 9569.01 9569.01 9569.01 9569.01 -
278.2 9565 9569.01 9569.01 9569.01 9569.01 9569.01 9569.01 -
278.1 9413 9569.01 9569.01 9569.01 9569.01 9569.01 9569.01 -
278 9594 9569.01 9569.01 9569.01 9569.01 9569.01 9569.01 9569.01
