382 35966 34286 34286 33624.5 34286
381.9 35887 34297.9 34297.9 33622 -
381.8 35477 34310.2 34310.2 33619.5 -
381.7 35628 34323 34323 33616.9 -
381.6 35646 34336.3 34336.3 33614.2 -
381.5 35280 34350.2 34350.2 33611.5 -
381.4 35438 34364.5 34364.5 33608.7 -
381.3 35371 34379.5 34379.5 33605.9 -
381.2 34973 34395 34395 33603 -
381.1 35097 34411.2 34411.2 33600 -
381 34906 34428 34428 33597 -
380.9 35075 34445.6 34445.6 33593.9 -
380.8 34618 34463.9 34463.9 33590.7 -
380.7 34733 34483 34483 33587.4 -
380.6 34200 34502.9 34502.9 33584 -
380.5 34502 34523.8 34523.8 33580.6 -
380.4 34096 34545.5 34545.5 33577 -
380.3 34007 34568.3 34568.3 33573.4 -
380.2 34503 34592.1 34592.1 33569.6 -
380.1 34230 34617.1 34617.1 33565.8 -
380 34029 34643.2 34643.2 33561.8 -
379.9 33740 34670.7 34670.7 33557.8 -
379.8 33804 34699.5 34699.5 33553.6 -
379.7 33820 34729.7 34729.7 33549.3 -
379.6 33891 34761.5 34761.5 33544.9 -
379.5 33826 34795 34795 33540.3 -
379.4 33541 34830.3 34830.3 33535.6 -
379.3 34223 34867.4 34867.4 33530.7 -
379.2 34237 34906.6 34906.6 33525.7 -
379.1 33921 34948.1 34948.1 33520.5 -
379 34357 34991.9 34991.9 33515.1 -
378.9 34146 35038.2 35038.2 33509.6 -
378.8 34175 35087.3 35087.3 33503.9 -
378.7 34296 35139.4 35139.4 33497.9 -
378.6 34663 35194.8 35194.8 33491.7 -
378.5 34770 35253.6 35253.6 33485.3 -
378.4 35160 35316.3 35316.3 33478.7 -
378.3 35340 35383.1 35383.1 33471.8 -
378.2 35081 35454.4 35454.4 33464.6 -
378.1 35367 35530.7 35530.7 33457.1 -
378 35676 35612.4 35612.4 33449.4 -
377.9 36059 35700 35700 33441.2 -
377.8 35842 35794.1 35794.1 33432.7 -
377.7 36127 35895.4 35895.4 33423.9 -
377.6 36480 36004.7 36004.7 33414.6 -
377.5 36029 36122.8 36122.8 33404.9 -
377.4 36310 36250.6 36250.6 33394.7 -
377.3 35821 36389.5 36389.5 33383.9 -
377.2 35719 36540.8 36540.8 33372.6 -
377.1 35642 36706.3 36706.3 33360.7 -
377 35798 36888.2 36888.2 33348.2 -
376.9 35650 37089.2 37089.2 33334.9 -
376.8 35875 37313.3 37313.3 33320.8 -
376.7 36001 37565.4 37565.4 33305.8 -
376.6 36466 37852.5 37852.5 33289.8 -
376.5 36697 38184.4 38184.4 33272.6 -
376.4 37023 38574 38574 33254.2 -
376.3 37833 39039.4 39039.4 33234.2 -
376.2 38741 39604.7 39604.7 33212.4 -
376.1 40160 40301.4 40301.4 33188.4 -
376 41221 41170.2 41170.2 33161.7 -
375.9 42953 42262 42262 33131.6 -
375.8 45088 43638.3 43638.3 33097.3 -
375.7 46992 45371.2 45371.2 33057.7 -
375.6 49919 47541 47541 33011.4 -
375.5 52517 50233.5 50233.5 32956.8 -
375.4 55664 53534.4 53534.4 32891.9 -
375.3 59230 57521.9 57521.9 32814.4 -
375.2 63371 62258.3 62258.3 32721.6 -
375.1 67707 67779.5 67779.5 32610.6 -
375 73367 74084.8 74084.8 32478.5 -
374.9 79008 81125.9 81125.9 32322.2 -
374.8 86013 88796.8 88796.8 32138.9 -
374.7 93394 96923.6 96923.6 31926.1 -
374.6 102109 105254 105254 31681.9 -
374.5 110780 113446 113446 31405.5 -
374.4 118738 121066 121066 31097.4 -
374.3 126821 127596 127596 30759.4 -
374.2 132457 132483 132483 30395.6 -
374.1 135780 135221 135221 30012.2 -
374 133670 135408 135408 29616.9 -
373.9 130029 131575 131575 29219.5 -
373.8 122497 123855 123855 28835.1 -
373.7 112572 113527 113527 28478.1 -
373.6 101288 101936 101936 28158.6 -
373.5 89702 90195.7 90195.7 27881.5 -
373.4 78642 79105.5 79105.5 27647.4 -
373.3 68408 69175.4 69175.4 27454.1 -
373.2 59341 60675 60675 27297.4 -
373.1 52082 53681.9 53681.9 27172 -
373 46308 48130.4 48130.4 27072.4 -
372.9 42406 43860.3 43860.3 26993.3 -
372.8 39169 40662.4 40662.4 26930 -
372.7 36920 38316.9 38316.9 26878.4 -
372.6 35676 36619.7 36619.7 26835.4 -
372.5 34791 35398 35398 26798.7 -
372.4 34012 34515.5 34515.5 26766.4 -
372.3 33544 33871.1 33871.1 26737.2 -
372.2 33379 33393.5 33393.5 26710.4 -
372.1 33577 33034.2 33034.2 26685.3 -
372 33510 32761.7 32761.7 26661.5 -
371.9 33300 32555.4 32555.4 26638.6 -
371.8 33109 32402.6 32402.6 26616.3 -
371.7 33053 32294.7 32294.7 26594.6 -
371.6 33174 32226.7 32226.7 26573.2 -
371.5 32479 32195.1 32195.1 26552 -
371.4 32394 32197.8 32197.8 26530.8 -
371.3 32092 32233.8 32233.8 26509.5 -
371.2 31797 32302.9 32302.9 26488 -
371.1 30997 32405.7 32405.7 26466.1 -
371 31151 32543.9 32543.9 26443.8 -
370.9 30911 32720.3 32720.3 26420.9 -
370.8 31026 32939.4 32939.4 26397.2 -
370.7 31133 33207.7 33207.7 26372.7 -
370.6 31683 33534.7 33534.7 26347 -
370.5 32308 33933.8 33933.8 26320 -
370.4 32909 34424.1 34424.1 26291.4 -
370.3 33987 35031.6 35031.6 26260.8 -
370.2 35534 35791.6 35791.6 26227.9 -
370.1 36860 36750.6 36750.6 26192 -
370 39442 37968.5 37968.5 26152.3 -
369.9 41575 39520.4 39520.4 26107.9 -
369.8 43883 41497 41497 26057.5 -
369.7 47376 44004.5 44004.5 25999.5 -
369.6 50905 47161.4 47161.4 25931.9 -
369.5 55492 51093.5 51093.5 25852.2 -
369.4 59462 55926.4 55926.4 25757.3 -
369.3 64924 61774.3 61774.3 25644 -
369.2 71764 68727.2 68727.2 25508.3 -
369.1 78078 76835.9 76835.9 25345.9 -
369 85619 86096.5 86096.5 25152.5 -
368.9 94095 96434.7 96434.7 24923.6 -
368.8 105557 107691 107691 24655 -
368.7 116524 119604 119604 24343 -
368.6 128589 131799 131799 23985.2 -
368.5 141462 143767 143767 23580.2 -
368.4 153197 154864 154864 23128.7 -
368.3 164541 164325 164325 22633.9 -
368.2 171985 171335 171335 22101.6 -
368.1 176157 175158 175158 21541 -
368 174947 175180 175180 20964 -
367.9 168423 169218 169218 20384.7 -
367.8 158408 157603 157603 19825.6 -
367.7 144035 142231 142231 19308 -
367.6 127076 125075 125075 18846.3 -
367.5 110799 107752 107752 18447.2 -
367.4 93637 91420.9 91420.9 18111.8 -
367.3 78309 76814.7 76814.7 17836.4 -
367.2 64986 64316.8 64316.8 17614.8 -
367.1 53994 54031.3 54031.3 17439.4 -
367 45664 45854 45854 17301.9 -
366.9 38900 39544.7 39544.7 17194.7 -
366.8 34619 34793.9 34793.9 17110.7 -
366.7 30418 31278.1 31278.1 17044.3 -
366.6 28362 28698 28698 16990.8 -
366.5 26270 26801.1 26801.1 16946.9 -
366.4 24987 25388.5 25388.5 16909.8 -
366.3 23599 24312.8 24312.8 16878 -
366.2 23111 23469.6 23469.6 16850.1 -
366.1 22193 22788.1 22788.1 16825.2 -
366 21491 22221.6 22221.6 16802.8 -
365.9 21020 21739.5 21739.5 16782.4 -
365.8 20351 21321.8 21321.8 16763.8 -
365.7 20293 20955 20955 16746.7 -
365.6 19773 20629.9 20629.9 16730.9 -
365.5 19497 20339.8 20339.8 16716.2 -
365.4 19392 20079.4 20079.4 16702.6 -
365.3 18745 19844.7 19844.7 16690 -
365.2 18545 19632.4 19632.4 16678.1 -
365.1 18661 19439.6 19439.6 16667 -
365 18288 19263.9 19263.9 16656.6 -
364.9 18222 19103.5 19103.5 16646.8 -
364.8 17985 18956.6 18956.6 16637.6 -
364.7 17825 18821.7 18821.7 16628.9 -
364.6 17748 18697.5 18697.5 16620.6 -
364.5 17478 18582.8 18582.8 16612.8 -
364.4 17453 18476.8 18476.8 16605.4 -
364.3 17299 18378.6 18378.6 16598.4 -
364.2 17447 18287.3 18287.3 16591.7 -
364.1 17116 18202.4 18202.4 16585.3 -
364 17375 18123.3 18123.3 16579.3 -
363.9 16992 18049.4 18049.4 16573.5 -
363.8 17053 17980.3 17980.3 16567.9 -
363.7 16936 17915.6 17915.6 16562.6 -
363.6 16644 17854.8 17854.8 16557.5 -
363.5 16698 17797.8 17797.8 16552.6 -
363.4 16902 17744.1 17744.1 16548 -
363.3 16673 17693.5 17693.5 16543.5 -
363.2 16715 17645.7 17645.7 16539.2 -
363.1 16736 17600.7 17600.7 16535 -
363 16765 17558 17558 16531 -
362.9 16630 17517.7 17517.7 16527.1 -
362.8 16441 17479.4 17479.4 16523.4 -
362.7 16465 17443.1 17443.1 16519.8 -
362.6 16501 17408.6 17408.6 16516.4 -
362.5 16533 17375.9 17375.9 16513 -
362.4 16747 17344.7 17344.7 16509.8 -
362.3 16612 17315 17315 16506.6 -
362.2 16471 17286.6 17286.6 16503.6 -
362.1 16538 17259.6 17259.6 16500.7 -
362 16595 17233.8 17233.8 16497.8 17233.8
