82 12298 11706.3 11690.9 11579.8 11564.4 11706.3
81.9 12179 11708.8 11693.2 11579.3 11563.7 -
81.8 12264 11711.4 11695.6 11578.9 11563.1 -
81.7 12242 11714.1 11698.2 11578.4 11562.4 -
81.6 12328 11716.9 11700.8 11577.9 11561.8 -
81.5 12230 11719.9 11703.5 11577.5 11561.1 -
81.4 11909 11722.9 11706.3 11577 11560.4 -
81.3 12177 11726 11709.3 11576.4 11559.7 -
81.2 12240 11729.3 11712.4 11575.9 11559 -
81.1 12105 11732.8 11715.6 11575.4 11558.2 -
81 12128 11736.3 11719 11574.8 11557.5 -
80.9 12048 11740.1 11722.5 11574.3 11556.7 -
80.8 12126 11744 11726.2 11573.7 11555.9 -
80.7 11810 11748 11730 11573.1 11555.1 -
80.6 11990 11752.3 11734.1 11572.4 11554.2 -
80.5 11966 11756.7 11738.3 11571.8 11553.4 -
80.4 11984 11761.4 11742.7 11571.2 11552.5 -
80.3 12039 11766.2 11747.3 11570.5 11551.6 -
80.2 11984 11771.3 11752.2 11569.8 11550.6 -
80.1 12055 11776.7 11757.3 11569.1 11549.7 -
80 11991 11782.3 11762.6 11568.3 11548.7 -
79.9 11939 11788.2 11768.3 11567.5 11547.6 -
79.8 12041 11794.3 11774.2 11566.8 11546.6 -
79.7 11904 11800.9 11780.4 11565.9 11545.5 -
79.6 11852 11807.7 11787 11565.1 11544.4 -
79.5 11971 11814.9 11793.9 11564.2 11543.2 -
79.4 11754 11822.5 11801.3 11563.3 11542.1 -
79.3 12089 11830.6 11809 11562.4 11540.8 -
79.2 11987 11839.1 11817.2 11561.4 11539.6 -
79.1 11805 11848 11825.9 11560.4 11538.3 -
79 11868 11857.5 11835.1 11559.3 11536.9 -
78.9 11970 11867.6 11844.9 11558.2 11535.5 -
78.8 12018 11878.3 11855.3 11557.1 11534 -
78.7 11890 11889.7 11866.3 11555.9 11532.5 -
78.6 12022 11901.8 11878.1 11554.7 11531 -
78.5 11735 11914.7 11890.6 11553.4 11529.4 -
78.4 12098 11928.4 11904 11552.1 11527.7 -
78.3 11926 11943.1 11918.4 11550.7 11525.9 -
78.2 11894 11958.9 11933.7 11549.2 11524.1 -
78.1 11924 11975.7 11950.3 11547.7 11522.2 -
78 11950 11993.9 11968.1 11546.1 11520.2 -
77.9 11920 12013.5 11987.3 11544.4 11518.2 -
77.8 11930 12034.7 12008.1 11542.6 11516 -
77.7 11827 12057.7 12030.7 11540.7 11513.7 -
77.6 11935 12082.8 12055.3 11538.8 11511.3 -
77.5 11942 12110.2 12082.4 11536.7 11508.8 -
77.4 11832 12140.5 12112.2 11534.5 11506.2 -
77.3 11719 12173.9 12145.2 11532.2 11503.4 -
77.2 12182 12211.3 12182.1 11529.7 11500.5 -
77.1 12113 12253.2 12223.5 11527 11497.4 -
77 12005 12300.5 12270.4 11524.2 11494.1 -
76.9 12132 12354.3 12323.7 11521.2 11490.6 -
76.8 12494 12415.8 12384.7 11517.9 11486.8 -
76.7 12331 12486.5 12454.9 11514.3 11482.8 -
76.6 12251 12568 12535.9 11510.5 11478.4 -
76.5 12698 12662.3 12629.7 11506.2 11473.6 -
76.4 12582 12771.5 12738.4 11501.6 11468.4 -
76.3 12920 12897.8 12864.1 11496.4 11462.7 -
76.2 13110 13043.7 13009.4 11490.7 11456.4 -
76.1 13336 13211.5 13176.6 11484.4 11449.5 -
76 13195 13403.6 13368.2 11477.3 11441.8 -
75.9 13743 13622.3 13586.3 11469.3 11433.2 -
75.8 13741 13869.5 13832.8 11460.4 11423.7 -
75.7 14065 14146.4 14109.1 11450.3 11413 -
75.6 14409 14454 14416 11439 11401 -
75.5 14454 14791.8 14753.1 11426.4 11387.7 -
75.4 14984 15158.4 15119.1 11412.2 11372.8 -
75.3 15355 15550.7 15510.6 11396.4 11356.3 -
75.2 15589 15963.3 15922.5 11378.8 11338 -
75.1 16204 16387.9 16346.3 11359.3 11317.7 -
75 16682 16812.7 16770.3 11338 11295.6 -
74.9 16998 17221.9 17178.7 11314.6 11271.5 -
74.8 17657 17595.8 17551.8 11289.5 11245.5 -
74.7 18063 17911.5 17866.7 11262.6 11217.7 -
74.6 18051 18146.2 18100.5 11234.2 11188.5 -
74.5 18249 18280 18233.4 11204.7 11158.1 -
74.4 18084 18289.1 18241.6 11174.5 11127 -
74.3 17577 17996.3 17947.8 11144.1 11095.7 -
74.2 17567 17420.4 17371 11114.9 11065.5 -
74.1 16715 16694.8 16644.4 11088.2 11037.7 -
74 16296 15939.1 15887.6 11064.5 11013 -
73.9 15370 15232 15179.5 11044 10991.5 -
73.8 14780 14615.8 14562.2 11026.6 10973 -
73.7 14285 14107.5 14052.7 11011.8 10957 -
73.6 13649 13709 13653 10999.2 10943.3 -
73.5 13326 13413.7 13356.6 10988.4 10931.2 -
73.4 13132 13210.6 13152.2 10978.8 10920.3 -
73.3 13125 13087.1 13027.4 10970.1 10910.3 -
73.2 12887 13031.4 12970.3 10961.9 10900.8 -
73.1 12801 13033.5 12971 10954 10891.5 -
73 12964 13086.2 13022.2 10946.1 10882.2 -
72.9 12997 13184.6 13119.1 10937.9 10872.5 -
72.8 13398 13326.1 13259.1 10929.4 10862.4 -
72.7 13440 13509.9 13441.3 10920.3 10851.7 -
72.6 13768 13736.3 13666 10910.3 10840 -
72.5 14028 14005.8 13933.7 10899.4 10827.4 -
72.4 14383 14319.3 14245.4 10887.4 10813.5 -
72.3 14486 14677.1 14601.3 10874 10798.2 -
72.2 14698 15078.7 15000.8 10859.1 10781.2 -
72.1 15160 15522 15442.1 10842.4 10762.4 -
72 15907 16003.3 15921.1 10823.8 10741.6 -
71.9 16437 16516.1 16431.6 10803.2 10718.7 -
71.8 16899 17050.5 16963.5 10780.3 10693.3 -
71.7 17543 17592.3 17502.6 10755.2 10665.5 -
71.6 18186 18121.8 18029.4 10727.7 10635.3 -
71.5 19093 18614.1 18518.7 10697.9 10602.6 -
71.4 19054 19039.5 18941 10666 10567.5 -
71.3 19489 19366.2 19264.4 10632.3 10530.5 -
71.2 19686 19564.9 19459.5 10597.3 10491.9 -
71.1 19509 19614.3 19505.2 10561.4 10452.3 -
71 19133 19361.4 19248.2 10525.5 10412.2 -
70.9 18329 18669 18551.3 10490.8 10373.1 -
70.8 17754 17700.4 17578.1 10459.3 10336.9 -
70.7 16691 16630.8 16503.3 10432.2 10304.7 -
70.6 15677 15587.5 15454.6 10410.1 10277.1 -
70.5 14809 14643.6 14504.7 10392.8 10253.9 -
70.4 13952 13831.8 13686.4 10380 10234.7 -
70.3 13089 13159.8 13007.4 10371.3 10219 -
70.2 12671 12620.3 12460.4 10366 10206.1 -
70.1 12229 12197.9 12029.8 10363.6 10195.6 -
70 11874 11873.4 11696.4 10363.8 10186.8 -
69.9 11480 11627.1 11440.5 10366 10179.4 -
69.8 11211 11441.1 11244 10370.1 10173.1 -
69.7 10936 11300.2 11091.8 10375.9 10167.6 -
69.6 11101 11192.6 10972 10383.2 10162.6 -
69.5 11095 11109.6 10875.7 10392 10158.1 -
69.4 10903 11044.8 10796.6 10402.2 10154 -
69.3 10697 10994 10730.1 10413.9 10150.1 -
69.2 10861 10954 10673.4 10427 10146.4 -
69.1 10751 10922.9 10624.2 10441.6 10142.9 -
69 11042 10899.3 10581.1 10457.6 10139.4 -
68.9 10870 10882.1 10542.9 10475.3 10136.1 -
68.8 10676 10870.5 10508.8 10494.6 10132.9 -
68.7 10902 10864.1 10478.3 10515.5 10129.6 -
68.6 10848 10862.3 10450.6 10538.1 10126.4 -
68.5 10748 10864.7 10425.5 10562.4 10123.2 -
68.4 10988 10871.2 10402.6 10588.6 10120 -
68.3 10931 10881.3 10381.5 10616.5 10116.7 -
68.2 10790 10895 10362 10646.3 10113.4 -
68.1 10938 10912 10344 10678 10109.9 -
68 10944 10932.2 10327.1 10711.6 10106.4 -
67.9 10866 10955.5 10311.2 10747 10102.8 -
67.8 11063 10981.6 10296.3 10784.4 10099.1 -
67.7 11049 11010.4 10282.1 10823.5 10095.2 -
67.6 11143 11041.9 10268.6 10864.5 10091.2 -
67.5 11092 11075.9 10255.7 10907.3 10087.1 -
67.4 11190 11112.2 10243.3 10951.7 10082.8 -
67.3 11232 11150.8 10231.2 10997.8 10078.3 -
67.2 11189 11191.3 10219.5 11045.4 10073.6 -
67.1 11244 11233.8 10208.1 11094.4 10068.7 -
67 11272 11277.9 10197 11144.6 10063.6 -
66.9 11458 11323.5 10186 11195.8 10058.3 -
66.8 11268 11370.4 10175.1 11248 10052.8 -
66.7 11474 11418.3 10164.4 11300.9 10047 -
66.6 11458 11466.9 10153.7 11354.2 10041 -
66.5 11545 11516 10143.1 11407.7 10034.8 -
66.4 11600 11565.2 10132.5 11461 10028.3 -
66.3 11651 11614.2 10121.9 11514 10021.6 -
66.2 11673 11662.7 10111.2 11566.1 10014.6 -
66.1 11749 11710.2 10100.6 11617.1 10007.4 -
66 11768 11756.4 10089.8 11666.6 10000 -
65.9 11695 11800.8 10079.1 11714 9992.32 -
65.8 11711 11842.8 10068.2 11759.1 9984.42 -
65.7 11806 11882.2 10057.3 11801.2 9976.3 -
65.6 11755 11918.2 10046.3 11839.9 9967.97 -
65.5 11998 11950.6 10035.3 11874.7 9959.45 -
65.4 11972 11978.7 10024.2 11905.2 9950.75 -
65.3 11993 12002.1 10013 11930.9 9941.89 -
65.2 12134 12020.3 10001.8 11951.4 9932.89 -
65.1 11974 12033.1 9990.63 11966.3 9923.77 -
65 12073 12040.1 9979.43 11975.2 9914.55 12040.1
