579.1 755816 753836 700287 700233 753748 700216 753836
579.199 754826 752216 700928 700872 752125 700855 -
579.298 753404 750641 701570 701512 750548 701494 -
579.397 750668 749119 702211 702151 749023 702133 -
579.497 748265 747654 702852 702791 747555 702772 -
579.596 748045 746252 703494 703431 746149 703411 -
579.695 746440 744915 704136 704070 744809 704050 -
579.794 745676 743646 704778 704710 743537 704689 -
579.893 742664 742447 705419 705349 742335 705328 -
579.992 742069 741319 706062 705989 741204 705967 -
580.092 740538 740264 706704 706629 740144 706606 -
580.191 741082 739280 707346 707268 739157 707245 -
580.29 738641 738368 707989 707908 738241 707884 -
580.389 739129 737528 708632 708548 737396 708524 -
580.488 737091 736758 709275 709187 736621 709163 -
580.587 736612 736056 709918 709827 735914 709802 -
580.687 736230 735422 710561 710467 735275 710441 -
580.786 736766 734854 711205 711107 734702 711080 -
580.885 735137 734350 711849 711747 734192 711719 -
580.984 735616 733908 712493 712387 733743 712358 -
581.083 733182 733525 713138 713027 733354 712997 -
581.182 732758 733200 713783 713667 733022 713636 -
581.282 733789 732930 714428 714307 732745 714275 -
581.381 733729 732713 715074 714947 732520 714914 -
581.48 731407 732547 715720 715587 732346 715553 -
581.579 733263 732429 716367 716227 732219 716192 -
581.678 732871 732357 717014 716868 732137 716831 -
581.777 731108 732328 717662 717508 732098 717470 -
581.877 730928 732340 718310 718149 732100 718109 -
581.976 731178 732392 718959 718789 732140 718748 -
582.075 733482 732481 719609 719430 732216 719387 -
582.174 732688 732604 720260 720070 732327 720026 -
582.273 732075 732760 720911 720711 732469 720665 -
582.372 733961 732948 721564 721352 732640 721304 -
582.472 732766 733164 722218 721993 732840 721943 -
582.571 732682 733408 722873 722635 733066 722582 -
582.67 732953 733678 723529 723276 733316 723222 -
582.769 734340 733973 724187 723918 733589 723861 -
582.868 735451 734290 724847 724559 733883 724500 -
582.967 734873 734630 725509 725202 734196 725139 -
583.067 734756 734991 726174 725844 734528 725778 -
583.166 735614 735372 726841 726487 734877 726417 -
583.265 736226 735773 727512 727131 735241 727056 -
583.364 735495 736193 728187 727776 735620 727695 -
583.463 735711 736634 728867 728422 736013 728334 -
583.562 737427 737096 729554 729069 736419 728973 -
583.662 738335 737580 730250 729718 736836 729612 -
583.761 738235 738089 730958 730369 737264 730251 -
583.86 737914 738628 731682 731024 737702 730890 -
583.959 738763 739200 732426 731683 738150 731529 -
584.058 738270 739813 733197 732346 738606 732168 -
584.157 739502 740476 734003 733016 739071 732807 -
584.257 741141 741199 734854 733694 739543 733446 -
584.356 741827 741993 735760 734381 740023 734085 -
584.455 742948 742873 736733 735080 740509 734724 -
584.554 744448 743852 737785 735793 741001 735363 -
584.653 745284 744943 738927 736521 741500 736002 -
584.752 746120 746157 740167 737269 742003 736641 -
584.852 747719 747501 741512 738037 742512 737280 -
584.951 749179 748979 742961 738830 743026 737919 -
585.05 750938 750585 744508 739649 743545 738558 -
585.149 752808 752306 746137 740496 744068 739198 -
585.248 753436 754118 747822 741374 744595 739837 -
585.347 754583 755983 749525 742283 745126 740476 -
585.447 757887 757849 751194 743224 745660 741115 -
585.546 760261 759648 752761 744195 746199 741754 -
585.645 761836 761299 754148 745196 746740 742393 -
585.744 762826 762721 755277 746222 747285 743032 -
585.843 763304 763849 756087 747271 747833 743671 -
585.942 765303 764655 756557 748335 748383 744310 -
586.042 765172 765154 756707 749408 748937 744949 -
586.141 764658 765399 756599 750482 749493 745588 -
586.24 765511 765457 756311 751549 750051 746227 -
586.339 765652 765397 755921 752596 750613 746866 -
586.438 765539 765277 755495 753615 751176 747505 -
586.537 765268 765136 755088 754595 751742 748144 -
586.637 764369 765005 754737 755525 752309 748783 -
586.736 764236 764897 754468 756394 752879 749422 -
586.835 765006 764822 754297 757196 753451 750061 -
586.934 765152 764778 754229 757924 754025 750700 -
587.033 764829 764763 754266 758575 754601 751339 -
587.132 765232 764771 754402 759148 755178 751978 -
587.232 765437 764795 754628 759645 755757 752617 -
587.331 764970 764830 754933 760073 756338 753256 -
587.43 764433 764871 755304 760438 756920 753896 -
587.529 764764 764917 755731 760750 757504 754535 -
587.628 765405 764965 756203 761020 758089 755174 -
587.727 765333 765018 756710 761257 758676 755813 -
587.827 764805 765078 757244 761474 759264 756452 -
587.926 764516 765150 757798 761679 759854 757091 -
588.025 764174 765236 758368 761883 760444 757730 -
588.124 765408 765342 758950 762093 761036 758369 -
588.223 763960 765473 759541 762317 761630 759008 -
588.322 765977 765631 760139 762562 762224 759647 -
588.422 766314 765821 760742 762832 762819 760286 -
588.521 765796 766045 761349 763129 763416 760925 -
588.62 767825 766303 761960 763458 764013 761564 -
588.719 766799 766597 762574 763817 764612 762203 -
588.818 767017 766926 763190 764208 765212 762842 -
588.917 768075 767288 763808 764630 765812 763481 -
589.017 767043 767682 764428 765081 766413 764120 -
589.116 767414 768106 765050 765559 767016 764759 -
589.215 769536 768557 765673 766062 767619 765398 -
589.314 769296 769032 766297 766586 768223 766037 -
589.413 769987 769528 766922 767130 768828 766676 -
589.512 770678 770043 767549 767691 769433 767315 -
589.612 772290 770574 768176 768267 770040 767954 -
589.711 772358 771119 768805 768854 770647 768593 -
589.81 771374 771675 769434 769452 771255 769232 -
589.909 771584 772242 770063 770058 771863 769872 -
590.008 773527 772816 770694 770671 772473 770511 -
590.107 773821 773397 771324 771289 773082 771150 -
590.207 774390 773983 771956 771911 773693 771789 -
590.306 774005 774573 772588 772537 774304 772428 -
590.405 773119 775168 773220 773165 774916 773067 -
590.504 774691 775765 773853 773796 775528 773706 -
590.603 775393 776365 774486 774428 776141 774345 -
590.702 773962 776967 775119 775061 776755 774984 -
590.802 776554 777571 775753 775695 777369 775623 -
590.901 774772 778176 776387 776330 777983 776262 -
591 776901 778783 777022 776965 778598 776901 778783
