524.1 240339 240530 240530 240531 240531 240531 240530
524.199 240402 240530 240530 240531 240531 240531 -
524.299 241270 240530 240530 240531 240531 240531 -
524.398 241312 240530 240530 240531 240531 240531 -
524.498 240062 240530 240530 240531 240531 240531 -
524.597 240711 240530 240530 240531 240531 240531 -
524.697 240856 240530 240530 240531 240531 240531 -
524.796 240536 240530 240530 240531 240531 240531 -
524.896 239793 240530 240530 240531 240531 240531 -
524.995 240652 240529 240529 240531 240531 240531 -
525.095 241259 240529 240529 240531 240531 240531 -
525.194 240100 240529 240529 240531 240531 240531 -
525.294 240594 240529 240529 240531 240531 240531 -
525.393 241087 240529 240529 240531 240531 240531 -
525.493 240641 240529 240529 240531 240531 240531 -
525.592 240633 240529 240529 240531 240531 240531 -
525.692 240066 240529 240529 240531 240531 240531 -
525.791 240088 240529 240529 240531 240531 240531 -
525.891 240167 240529 240529 240531 240531 240531 -
525.99 240393 240529 240529 240531 240531 240531 -
526.09 240548 240530 240530 240531 240531 240531 -
526.189 240351 240530 240530 240531 240531 240531 -
526.289 239972 240531 240531 240531 240531 240531 -
526.388 240622 240533 240533 240531 240531 240531 -
526.488 239982 240535 240535 240531 240531 240531 -
526.587 239769 240538 240538 240531 240531 240531 -
526.687 239879 240543 240543 240531 240531 240531 -
526.786 240562 240551 240551 240531 240531 240531 -
526.886 239822 240561 240561 240531 240531 240531 -
526.985 239986 240577 240577 240531 240531 240531 -
527.085 241360 240598 240598 240531 240531 240531 -
527.184 240622 240628 240628 240531 240531 240531 -
527.284 239661 240669 240669 240531 240531 240531 -
527.383 240603 240725 240725 240531 240531 240531 -
527.483 240300 240800 240800 240531 240531 240531 -
527.582 240922 240900 240899 240531 240531 240531 -
527.682 240468 241031 241030 240531 240530 240530 -
527.781 240781 241201 241200 240530 240530 240530 -
527.881 241198 241419 241418 240530 240530 240530 -
527.98 242080 241696 241695 240530 240529 240529 -
528.08 241690 242043 242041 240530 240528 240528 -
528.179 241529 242473 242470 240529 240527 240527 -
528.279 241962 242998 242995 240529 240526 240526 -
528.378 242826 243634 243628 240529 240524 240524 -
528.478 242728 244393 244384 240530 240522 240522 -
528.577 243928 245288 245275 240532 240519 240519 -
528.677 246577 246330 246311 240535 240515 240515 -
528.776 247342 247529 247500 240540 240511 240511 -
528.876 248681 248888 248846 240548 240506 240506 -
528.975 250419 250411 250350 240561 240500 240500 -
529.075 251768 252094 252006 240581 240493 240493 -
529.174 254278 253927 253803 240609 240484 240484 -
529.274 256982 255897 255722 240649 240474 240474 -
529.373 259285 257981 257738 240706 240463 240463 -
529.473 261521 260155 259821 240785 240451 240451 -
529.572 264548 262386 261932 240891 240436 240436 -
529.672 267178 264640 264028 241032 240420 240420 -
529.771 269774 266879 266063 241218 240403 240403 -
529.871 272172 269062 267987 241459 240384 240383 -
529.97 274093 271154 269750 241767 240363 240363 -
530.07 276159 273118 271304 242154 240340 240340 -
530.169 277875 274924 272604 242636 240317 240316 -
530.269 278856 276548 273613 243226 240292 240291 -
530.368 279902 277975 274300 243940 240265 240265 -
530.468 280643 279197 274642 244792 240238 240238 -
530.567 280712 280216 274629 245796 240210 240209 -
530.667 281350 281044 274260 246963 240181 240180 -
530.766 281511 281697 273547 248299 240152 240151 -
530.866 282675 282201 272509 249810 240123 240120 -
530.965 283096 282584 271178 251493 240093 240090 -
531.065 283149 282877 269590 253341 240064 240059 -
531.164 282733 283110 267791 255339 240036 240028 -
531.264 282661 283307 265829 257464 240008 239997 -
531.363 283991 283491 263753 259688 239981 239965 -
531.463 284511 283674 261612 261973 239956 239934 -
531.562 284731 283861 259454 264277 239934 239902 -
531.662 284805 284047 257323 266550 239915 239870 -
531.761 284403 284220 255256 268740 239900 239838 -
531.861 284751 284357 253285 270792 239890 239806 -
531.96 284990 284431 251436 272653 239888 239773 -
532.06 284493 284410 249728 274269 239895 239741 -
532.159 284004 284263 248172 275595 239912 239708 -
532.259 283322 283956 246775 276590 239944 239676 -
532.358 282684 283463 245536 277223 239992 239644 -
532.458 281931 282761 244452 277475 240059 239612 -
532.557 281348 281839 243515 277336 240149 239581 -
532.657 279118 280691 242715 276810 240266 239550 -
532.756 277349 279325 242039 275913 240413 239520 -
532.856 276518 277756 241476 274671 240592 239491 -
532.955 274843 276010 241010 273120 240807 239464 -
533.055 273693 274120 240630 271304 241060 239437 -
533.154 272128 272125 240322 269274 241352 239412 -
533.254 269738 270066 240075 267083 241684 239388 -
533.353 267949 267989 239879 264787 242055 239366 -
533.453 266472 265933 239724 262438 242461 239345 -
533.552 264485 263939 239602 260088 242900 239326 -
533.652 263165 262039 239507 257782 243366 239308 -
533.751 262335 260261 239433 255560 243850 239291 -
533.851 260383 258624 239376 253455 244345 239276 -
533.95 258575 257140 239331 251493 244840 239262 -
534.05 257761 255812 239296 249690 245324 239249 -
534.149 256920 254638 239268 248059 245785 239237 -
534.249 255335 253608 239246 246603 246211 239226 -
534.348 253750 252707 239228 245320 246589 239215 -
534.448 253258 251918 239213 244206 246910 239206 -
534.547 252683 251220 239200 243250 247163 239196 -
534.647 251476 250594 239189 242440 247341 239188 -
534.746 250604 250019 239179 241761 247437 239179 -
534.846 249705 249477 239171 241201 247449 239172 -
534.945 248135 248952 239163 240742 247375 239164 -
535.045 247136 248431 239155 240372 247219 239157 -
535.144 246924 247907 239148 240075 246984 239150 -
535.244 246485 247372 239142 239841 246677 239144 -
535.343 245979 246826 239136 239658 246307 239138 -
535.443 245384 246267 239130 239517 245885 239132 -
535.542 244755 245701 239125 239408 245422 239127 -
535.642 243945 245131 239120 239326 244930 239122 -
535.741 243874 244564 239116 239264 244421 239118 -
535.841 243548 244007 239112 239217 243906 239114 -
535.94 243034 243466 239109 239183 243396 239111 -
536.04 243282 242949 239106 239158 242900 239107 -
536.139 243069 242460 239103 239139 242427 239105 -
536.239 242523 242004 239100 239126 241983 239102 -
536.338 242226 241586 239098 239116 241571 239100 -
536.438 241476 241206 239097 239109 241197 239098 -
536.537 241352 240866 239095 239104 240860 239097 -
536.637 241621 240565 239094 239100 240562 239095 -
536.736 241590 240303 239093 239097 240302 239094 -
536.836 240925 240077 239092 239095 240077 239093 -
536.935 240585 239886 239091 239094 239886 239093 -
537.035 240494 239724 239091 239093 239725 239092 -
537.134 240378 239591 239090 239092 239591 239092 -
537.234 239841 239481 239090 239092 239482 239091 -
537.333 239044 239392 239090 239091 239393 239091 -
537.433 239342 239321 239090 239091 239322 239091 -
537.532 239499 239265 239090 239091 239266 239091 -
537.632 239543 239221 239089 239091 239222 239091 -
537.731 239185 239187 239089 239090 239188 239090 -
537.831 239207 239161 239089 239090 239162 239090 -
537.93 238441 239141 239089 239090 239142 239090 -
538.03 239234 239127 239089 239090 239128 239090 -
538.129 239326 239116 239089 239090 239117 239090 -
538.229 239446 239108 239089 239090 239109 239090 -
538.328 239244 239102 239089 239090 239103 239090 -
538.428 239165 239098 239089 239090 239099 239090 -
538.527 239894 239096 239089 239090 239096 239090 -
538.627 238927 239094 239089 239090 239094 239090 -
538.726 239032 239092 239089 239090 239093 239090 -
538.826 238900 239091 239089 239090 239092 239090 -
538.925 239251 239091 239089 239090 239091 239090 -
539.025 239292 239090 239089 239090 239091 239090 -
539.124 239535 239090 239089 239090 239091 239090 -
539.224 239000 239090 239089 239090 239091 239090 -
539.323 239295 239090 239089 239090 239090 239090 -
539.423 239137 239090 239090 239090 239090 239090 -
539.522 239152 239090 239090 239090 239090 239090 -
539.622 239206 239090 239090 239090 239090 239090 -
539.721 238997 239090 239090 239090 239090 239090 -
539.821 238969 239090 239090 239090 239090 239090 -
539.92 239057 239090 239090 239090 239090 239090 -
540.02 238556 239090 239090 239090 239090 239090 -
540.119 238958 239090 239090 239090 239090 239090 -
540.219 238661 239090 239090 239090 239090 239090 -
540.318 238873 239090 239090 239090 239090 239090 -
540.418 237863 239090 239090 239090 239090 239090 -
540.517 239105 239090 239090 239090 239090 239090 -
540.617 238955 239090 239090 239090 239090 239090 -
540.716 238356 239090 239090 239090 239090 239090 -
540.816 238073 239090 239090 239090 239090 239090 -
540.915 238479 239090 239090 239090 239090 239090 -
541.015 238326 239090 239090 239090 239090 239090 -
541.114 238362 239090 239090 239090 239090 239090 -
541.214 239440 239090 239090 239090 239090 239090 -
541.313 238438 239090 239090 239090 239090 239090 -
541.413 238102 239090 239090 239090 239090 239090 -
541.512 238368 239090 239090 239090 239090 239090 -
541.612 238352 239090 239090 239090 239090 239090 -
541.711 238896 239090 239090 239090 239090 239090 -
541.811 239114 239090 239090 239090 239090 239090 -
541.91 239079 239090 239090 239090 239090 239090 -
542.01 239128 239090 239090 239090 239090 239090 -
542.109 238386 239090 239090 239090 239090 239090 -
542.209 238040 239090 239090 239090 239090 239090 -
542.308 238770 239090 239090 239090 239090 239090 -
542.408 238464 239090 239090 239090 239090 239090 -
542.507 238359 239090 239090 239090 239090 239090 -
542.607 238634 239090 239090 239090 239090 239090 -
542.706 239351 239090 239090 239090 239090 239090 -
542.806 238416 239090 239090 239090 239090 239090 -
542.905 239391 239090 239090 239090 239090 239090 -
543.005 239577 239090 239090 239090 239090 239090 -
543.104 239160 239090 239090 239090 239090 239090 -
543.204 239040 239090 239090 239090 239090 239090 -
543.303 239052 239090 239090 239090 239090 239090 -
543.403 238424 239090 239090 239090 239090 239090 -
543.502 239385 239090 239090 239090 239090 239090 -
543.602 239270 239090 239090 239090 239090 239090 -
543.701 238418 239090 239090 239090 239090 239090 -
543.801 239387 239090 239090 239090 239090 239090 -
543.9 239574 239090 239090 239090 239090 239090 -
544 239370 239090 239090 239090 239090 239090 239090
