65.1 227251 222380 174635 222062 174317 222380
65.1994 226673 222432 174878 222105 174551 -
65.2988 225810 222358 175121 222022 174785 -
65.3982 224341 222164 175362 221818 175016 -
65.4976 223255 221853 175602 221498 175246 -
65.5971 221973 221433 175840 221067 175473 -
65.6965 222393 220911 176075 220534 175697 -
65.7959 220810 220295 176306 219906 175918 -
65.8953 219857 219594 176535 219194 176134 -
65.9947 217977 218818 176759 218404 176346 -
66.0941 218226 217975 176979 217548 176553 -
66.1935 216409 217075 177195 216634 176755 -
66.2929 215140 216126 177406 215671 176951 -
66.3923 214433 215138 177612 214668 177142 -
66.4918 213647 214119 177814 213633 177327 -
66.5912 212077 213076 178010 212573 177507 -
66.6906 210866 212016 178201 211495 177680 -
66.79 210884 210947 178387 210407 177847 -
66.8894 209893 209873 178569 209313 178009 -
66.9888 208421 208801 178745 208220 178164 -
67.0882 207455 207736 178917 207133 178313 -
67.1876 206580 206682 179084 206055 178457 -
67.2871 204651 205644 179247 204991 178594 -
67.3865 204930 204624 179406 203945 178726 -
67.4859 202966 203627 179560 202919 178852 -
67.5853 202733 202655 179712 201916 178973 -
67.6847 202183 201711 179861 200939 179089 -
67.7841 201457 200797 180006 199989 179199 -
67.8835 200875 199915 180150 199069 179304 -
67.9829 200299 199067 180293 198179 179405 -
68.0823 198974 198254 180434 197321 179500 -
68.1818 198409 197478 180575 196495 179592 -
68.2812 197415 196741 180717 195703 179679 -
68.3806 196820 196042 180860 194944 179762 -
68.48 195835 195384 181006 194219 179842 -
68.5794 195053 194766 181156 193528 179917 -
68.6788 194932 194191 181310 192871 179990 -
68.7782 194295 193659 181471 192246 180059 -
68.8776 193431 193170 181640 191655 180125 -
68.9771 192278 192726 181818 191096 180189 -
69.0765 192524 192326 182007 190569 180250 -
69.1759 192110 191973 182210 190072 180309 -
69.2753 191425 191667 182427 189605 180366 -
69.3747 190960 191408 182661 189168 180421 -
69.4741 190610 191198 182914 188758 180474 -
69.5735 190258 191037 183188 188376 180526 -
69.6729 190258 190925 183484 188019 180578 -
69.7723 190321 190863 183804 187688 180628 -
69.8718 190212 190851 184149 187380 180678 -
69.9712 190389 190889 184521 187095 180728 -
70.0706 190733 190976 184921 186833 180777 -
70.17 190562 191112 185348 186591 180827 -
70.2694 190599 191293 185802 186368 180877 -
70.3688 190624 191518 186281 186165 180928 -
70.4682 191514 191783 186782 185980 180979 -
70.5676 191944 192082 187302 185811 181032 -
70.6671 192569 192408 187835 185659 181086 -
70.7665 193027 192753 188373 185522 181141 -
70.8659 193039 193105 188904 185399 181198 -
70.9653 193446 193450 189417 185289 181256 -
71.0647 194098 193773 189896 185192 181315 -
71.1641 194135 194055 190325 185106 181376 -
71.2635 193972 194280 190687 185031 181438 -
71.3629 194028 194433 190968 184965 181500 -
71.4623 194298 194502 191157 184908 181563 -
71.5618 194489 194480 191248 184858 181626 -
71.6612 193952 194369 191243 184815 181689 -
71.7606 193483 194174 191148 184777 181751 -
71.86 194303 193908 190976 184743 181811 -
71.9594 194219 193586 190743 184714 181870 -
72.0588 192846 193225 190465 184687 181927 -
72.1582 193092 192842 190161 184663 181982 -
72.2576 192989 192451 189846 184640 182035 -
72.3571 191925 192068 189534 184620 182086 -
72.4565 191729 191701 189236 184601 182135 -
72.5559 191785 191362 188961 184583 182181 -
72.6553 191427 191056 188716 184566 182226 -
72.7547 191418 190789 188508 184550 182269 -
72.8541 190861 190566 188341 184535 182311 -
72.9535 190444 190389 188218 184522 182351 -
73.0529 190633 190259 188140 184509 182390 -
73.1523 190390 190180 188110 184498 182428 -
73.2518 190497 190150 188127 184489 182466 -
73.3512 190903 190170 188193 184480 182504 -
73.4506 190986 190238 188305 184474 182541 -
73.55 190657 190353 188463 184469 182579 -
73.6494 190817 190513 188664 184466 182616 -
73.7488 191391 190714 188904 184464 182655 -
73.8482 191230 190950 189179 184466 182694 -
73.9476 191386 191217 189483 184469 182734 -
74.0471 191997 191506 189807 184474 182776 -
74.1465 192058 191807 190143 184482 182818 -
74.2459 192318 192110 190479 184493 182862 -
74.3453 192378 192399 190801 184505 182907 -
74.4447 192029 192659 191093 184520 182954 -
74.5441 192331 192876 191340 184537 183001 -
74.6435 192568 193034 191528 184555 183049 -
74.7429 192643 193120 191643 184575 183098 -
74.8423 192367 193126 191677 184596 183146 -
74.9418 192200 193049 191627 184617 183195 -
75.0412 192332 192891 191495 184639 183243 -
75.1406 192273 192660 191290 184660 183290 -
75.24 192163 192367 191022 184681 183336 -
75.3394 191606 192025 190705 184700 183380 -
75.4388 191287 191649 190352 184719 183422 -
75.5382 190938 191251 189977 184736 183462 -
75.6376 191358 190843 189592 184751 183500 -
75.7371 191175 190434 189205 184765 183536 -
75.8365 190667 190033 188825 184778 183569 -
75.9359 190013 189644 188457 184788 183601 -
76.0353 189724 189272 188105 184797 183630 -
76.1347 189838 188920 187773 184805 183658 -
76.2341 188846 188589 187461 184812 183684 -
76.3335 188337 188281 187172 184817 183707 -
76.4329 187993 187995 186904 184821 183730 -
76.5323 188308 187732 186659 184824 183751 -
76.6318 188478 187491 186436 184825 183770 -
76.7312 188104 187272 186233 184827 183788 -
76.8306 187433 187072 186050 184827 183805 -
76.93 187020 186891 185886 184827 183821 -
77.0294 187180 186728 185738 184826 183836 -
77.1288 187105 186581 185607 184824 183850 -
77.2282 187043 186449 185490 184822 183863 -
77.3276 186514 186330 185385 184820 183876 -
77.4271 186012 186223 185293 184818 183888 -
77.5265 186497 186126 185211 184815 183899 -
77.6259 186315 186040 185138 184812 183910 -
77.7253 185990 185961 185073 184809 183921 -
77.8247 185295 185890 185015 184806 183930 -
77.9241 185417 185826 184964 184802 183940 -
78.0235 185680 185767 184918 184799 183949 -
78.1229 185428 185714 184876 184795 183958 -
78.2223 185260 185664 184839 184792 183967 -
78.3218 185342 185619 184806 184788 183975 -
78.4212 184879 185577 184775 184785 183983 -
78.5206 184530 185538 184747 184781 183991 -
78.62 184280 185501 184722 184777 183998 -
78.7194 185470 185467 184699 184774 184006 -
78.8188 184794 185435 184678 184770 184013 -
78.9182 185111 185405 184658 184767 184020 -
79.0176 184242 185377 184640 184763 184026 -
79.1171 184696 185350 184623 184760 184033 -
79.2165 185052 185325 184608 184756 184039 -
79.3159 184598 185301 184593 184753 184046 -
79.4153 184975 185278 184580 184750 184052 -
79.5147 184995 185256 184567 184746 184058 -
79.6141 184528 185235 184556 184743 184064 -
79.7135 183928 185216 184545 184740 184069 -
79.8129 184696 185197 184535 184737 184075 -
79.9123 184503 185179 184525 184734 184080 -
80.0118 185120 185162 184517 184731 184086 -
80.1112 185467 185145 184508 184728 184091 -
80.2106 184451 185129 184500 184725 184096 -
80.31 185216 185114 184493 184722 184101 -
80.4094 185637 185100 184486 184719 184106 -
80.5088 184767 185086 184480 184716 184111 -
80.6082 184445 185072 184474 184714 184116 -
80.7076 185131 185059 184469 184711 184120 -
80.8071 185403 185047 184463 184708 184125 -
80.9065 185524 185035 184458 184706 184129 -
81.0059 185120 185023 184454 184703 184134 -
81.1053 185557 185012 184450 184701 184138 -
81.2047 185309 185001 184446 184698 184142 -
81.3041 185053 184991 184442 184696 184147 -
81.4035 185843 184981 184438 184693 184151 -
81.5029 185570 184971 184435 184691 184155 -
81.6023 185410 184962 184432 184689 184159 -
81.7018 184977 184953 184429 184686 184163 -
81.8012 185722 184944 184426 184684 184166 -
81.9006 185014 184936 184424 184682 184170 -
82 185983 184928 184422 184680 184174 184928
