150.1 141402 140817 140453 140265 140265 140515 140379 140265 140817
150.2 140719 140838 140467 140266 140266 140521 140382 140266 -
150.299 140161 140860 140482 140267 140267 140527 140385 140267 -
150.399 141459 140885 140500 140268 140268 140533 140389 140268 -
150.498 140776 140912 140520 140270 140269 140539 140392 140269 -
150.598 140350 140943 140543 140271 140270 140546 140395 140270 -
150.697 140845 140978 140569 140272 140272 140553 140399 140272 -
150.797 140847 141017 140600 140273 140273 140560 140402 140273 -
150.896 141078 141061 140636 140275 140274 140567 140406 140274 -
150.996 141624 141111 140677 140276 140276 140575 140410 140276 -
151.095 141193 141167 140725 140278 140277 140583 140414 140277 -
151.195 141158 141231 140780 140279 140279 140591 140418 140279 -
151.294 141253 141304 140843 140281 140281 140599 140422 140281 -
151.394 141131 141386 140916 140283 140283 140608 140427 140283 -
151.493 141713 141478 140998 140285 140285 140618 140432 140285 -
151.593 142020 141582 141091 140287 140287 140627 140437 140287 -
151.692 141339 141697 141196 140290 140289 140637 140442 140289 -
151.792 142563 141826 141313 140292 140292 140648 140448 140292 -
151.891 141673 141967 141443 140295 140295 140659 140454 140295 -
151.991 141997 142123 141587 140298 140298 140671 140460 140298 -
152.09 142557 142292 141744 140302 140301 140683 140467 140301 -
152.19 142422 142475 141914 140305 140305 140696 140474 140305 -
152.289 143013 142671 142097 140309 140309 140710 140481 140309 -
152.389 143624 142879 142292 140314 140313 140724 140489 140313 -
152.488 143300 143099 142498 140318 140318 140739 140498 140318 -
152.588 142856 143329 142713 140323 140323 140755 140507 140323 -
152.687 143511 143567 142935 140329 140328 140772 140516 140328 -
152.787 144192 143809 143162 140335 140334 140789 140526 140334 -
152.886 144025 144054 143390 140341 140341 140808 140537 140341 -
152.986 144640 144297 143616 140348 140348 140827 140548 140348 -
153.085 144302 144535 143836 140356 140355 140848 140560 140355 -
153.185 144336 144762 144045 140363 140362 140869 140572 140363 -
153.284 144822 144974 144238 140371 140371 140891 140585 140371 -
153.384 145051 145166 144410 140380 140379 140915 140599 140379 -
153.483 145443 145332 144555 140389 140388 140939 140613 140388 -
153.583 145228 145468 144669 140398 140397 140965 140627 140397 -
153.682 145694 145569 144747 140408 140406 140991 140642 140406 -
153.782 145943 145633 144787 140418 140416 141018 140657 140416 -
153.881 145755 145658 144787 140428 140425 141047 140673 140425 -
153.981 145436 145645 144747 140438 140435 141076 140689 140435 -
154.08 145715 145596 144670 140449 140445 141106 140705 140445 -
154.18 145456 145515 144559 140460 140454 141138 140721 140454 -
154.279 145297 145406 144418 140471 140463 141170 140737 140463 -
154.379 144929 145275 144252 140483 140472 141203 140754 140472 -
154.478 145211 145128 144068 140497 140481 141238 140770 140481 -
154.578 144374 144970 143869 140511 140490 141274 140786 140490 -
154.677 144909 144808 143660 140527 140498 141311 140803 140498 -
154.777 145120 144645 143447 140546 140506 141351 140819 140506 -
154.876 144302 144487 143233 140567 140513 141392 140836 140514 -
154.976 144865 144338 143021 140592 140521 141435 140852 140521 -
155.075 145034 144202 142815 140621 140528 141482 140869 140528 -
155.175 144519 144083 142616 140655 140535 141531 140886 140535 -
155.274 144451 143983 142426 140694 140541 141584 140903 140541 -
155.374 143495 143905 142247 140738 140547 141642 140920 140548 -
155.473 143411 143851 142080 140788 140554 141706 140938 140554 -
155.573 143711 143822 141926 140844 140560 141775 140956 140560 -
155.672 143719 143819 141785 140905 140566 141852 140975 140566 -
155.772 143559 143843 141657 140969 140572 141938 140994 140572 -
155.871 143505 143893 141542 141036 140578 142035 141014 140578 -
155.971 143280 143970 141439 141105 140584 142143 141035 140584 -
156.07 143426 144072 141349 141172 140590 142265 141056 140590 -
156.17 144411 144199 141269 141237 140596 142404 141079 140597 -
156.269 143852 144351 141201 141296 140603 142561 141103 140603 -
156.369 144594 144526 141142 141348 140611 142739 141127 140610 -
156.468 145185 144726 141091 141390 140619 142941 141153 140617 -
156.568 145121 144951 141049 141421 140628 143170 141181 140625 -
156.667 145785 145203 141014 141440 140641 143429 141210 140633 -
156.767 146423 145484 140985 141443 140658 143722 141241 140641 -
156.866 146474 145791 140962 141422 140683 144051 141273 140650 -
156.966 146825 146134 140944 141379 140721 144420 141308 140660 -
157.065 147046 146531 140931 141318 140783 144832 141344 140670 -
157.165 147507 147002 140921 141247 140882 145291 141383 140680 -
157.264 147747 147578 140915 141171 141037 145797 141425 140692 -
157.364 148474 148293 140912 141097 141278 146355 141470 140705 -
157.463 149412 149191 140913 141030 141639 146965 141518 140719 -
157.563 150702 150319 140917 140973 142166 147629 141571 140734 -
157.662 151712 151729 140924 140930 142908 148347 141628 140752 -
157.762 152975 153471 140935 140900 143914 149118 141692 140772 -
157.861 155574 155585 140950 140885 145228 149941 141762 140795 -
157.961 157807 158094 140969 140884 146876 150814 141841 140823 -
158.06 160681 160991 140994 140895 148858 151732 141929 140854 -
158.16 164275 164232 141025 140917 151134 152691 142030 140891 -
158.259 168243 167726 141062 140951 153624 153683 142143 140934 -
158.359 171536 171341 141106 140994 156203 154699 142273 140983 -
158.458 175018 174904 141157 141046 158710 155729 142420 141039 -
158.558 178058 178223 141214 141106 160963 156759 142588 141102 -
158.657 180308 181104 141278 141173 162780 157775 142778 141170 -
158.757 181796 183377 141348 141246 164005 158758 142994 141243 -
158.856 183336 184920 141421 141323 164531 159690 143238 141321 -
158.956 184285 185672 141498 141403 164312 160549 143514 141401 -
159.055 184390 185647 141576 141484 163376 161313 143827 141482 -
159.155 184179 184925 141654 141566 161817 161962 144180 141564 -
159.254 182766 183641 141730 141646 159781 162476 144580 141643 -
159.354 181271 181965 141805 141724 157445 162840 145033 141720 -
159.453 179174 180077 141876 141799 154991 163043 145547 141794 -
159.553 176544 178148 141943 141870 152586 163080 146127 141865 -
159.652 174748 176320 142008 141939 150364 162953 146783 141932 -
159.752 173518 174701 142068 142005 148415 162670 147521 141995 -
159.851 171931 173356 142126 142069 146787 162245 148348 142055 -
159.951 170234 172318 142182 142132 145489 161696 149270 142112 -
160.05 169753 171590 142235 142195 144500 161041 150291 142168 -
160.15 169883 171152 142287 142259 143781 160302 151411 142222 -
160.249 169868 170977 142339 142324 143284 159501 152631 142275 -
160.349 169977 171031 142389 142392 142960 158655 153946 142328 -
160.448 171167 171278 142440 142463 142764 157785 155349 142381 -
160.548 172668 171686 142492 142539 142659 156906 156826 142434 -
160.647 173505 172223 142544 142620 142615 156032 158363 142488 -
160.747 174412 172859 142597 142706 142612 155177 159937 142542 -
160.846 175711 173562 142652 142797 142635 154351 161520 142598 -
160.946 176759 174297 142707 142894 142674 153563 163080 142655 -
161.045 176943 175026 142764 142995 142723 152821 164577 142713 -
161.145 177333 175709 142822 143100 142777 152131 165970 142773 -
161.244 177149 176302 142881 143207 142835 151498 167215 142833 -
161.344 176773 176768 142942 143315 142895 150925 168271 142895 -
161.443 176901 177076 143003 143422 142957 150416 169106 142957 -
161.543 176862 177205 143064 143526 143020 149973 169702 143020 -
161.642 176560 177153 143126 143625 143083 149596 170055 143083 -
161.742 175930 176928 143188 143716 143146 149285 170174 143145 -
161.841 175586 176552 143249 143799 143209 149042 170083 143208 -
161.941 175046 176053 143309 143872 143273 148865 169808 143269 -
162.04 174522 175457 143368 143934 143338 148754 169378 143329 -
162.14 173535 174785 143427 143978 143407 148709 168818 143388 -
162.239 173254 174058 143483 144002 143483 148728 168146 143446 -
162.339 173207 173295 143539 144009 143570 148811 167375 143502 -
162.438 172520 172518 143593 144005 143680 148956 166512 143557 -
162.538 172116 171747 143645 143994 143823 149162 165564 143610 -
162.637 171081 171010 143696 143980 144020 149428 164534 143662 -
162.737 169902 170342 143746 143967 144295 149752 163431 143712 -
162.836 168912 169788 143794 143959 144678 150133 162269 143761 -
162.936 168692 169401 143841 143958 145206 150568 161064 143809 -
163.035 168730 169238 143888 143965 145916 151056 159838 143856 -
163.135 168921 169351 143934 143980 146844 151593 158612 143903 -
163.234 169540 169781 143980 144002 148015 152175 157407 143950 -
163.334 170514 170548 144027 144032 149436 152800 156242 143997 -
163.433 171682 171643 144075 144069 151090 153462 155131 144046 -
163.533 173797 173019 144125 144111 152928 154155 154086 144097 -
163.632 175774 174593 144178 144159 154869 154872 153116 144150 -
163.732 177392 176250 144233 144211 156800 155605 152224 144206 -
163.831 178404 177848 144291 144268 158589 156345 151413 144265 -
163.931 179837 179238 144353 144329 160099 157079 150684 144326 -
164.03 180333 180279 144416 144392 161203 157795 150034 144391 -
164.13 181204 180858 144482 144458 161806 158479 149461 144457 -
164.229 181951 180905 144548 144524 161854 159114 148959 144524 -
164.329 182096 180402 144615 144591 161350 159685 148523 144591 -
164.428 181922 179380 144680 144657 160346 160175 148147 144656 -
164.528 179474 177917 144744 144721 158939 160569 147826 144720 -
164.627 177993 176123 144804 144782 157256 160854 147552 144781 -
164.727 175984 174119 144861 144839 155433 161020 147320 144839 -
164.826 174285 172027 144915 144893 153603 161062 147124 144893 -
164.926 171945 169951 144964 144943 151875 160979 146960 144943 -
165.025 169673 167972 145010 144989 150330 160776 146821 144989 -
165.125 168091 166141 145052 145031 149015 160461 146705 145031 -
165.224 166141 164481 145090 145070 147946 160045 146608 145070 -
165.324 163831 162996 145126 145106 147116 159544 146526 145105 -
165.423 162880 161672 145158 145139 146499 158972 146457 145138 -
165.523 161286 160486 145188 145169 146060 158344 146399 145169 -
165.622 159756 159414 145216 145197 145762 157676 146350 145197 -
165.722 158265 158432 145242 145223 145570 156982 146307 145223 -
165.821 157077 157521 145266 145248 145453 156273 146270 145247 -
165.921 156012 156665 145288 145270 145388 155560 146238 145270 -
166.02 155154 155856 145309 145291 145356 154853 146210 145291 -
166.12 154544 155088 145328 145310 145345 154160 146185 145310 -
166.219 153551 154358 145346 145328 145346 153488 146162 145328 -
166.319 152472 153665 145362 145345 145354 152842 146140 145345 -
166.418 152047 153009 145377 145360 145364 152227 146121 145360 -
166.518 151606 152392 145391 145374 145376 151645 146102 145374 -
166.617 151003 151815 145404 145387 145388 151100 146085 145387 -
166.717 150377 151278 145415 145399 145399 150592 146069 145399 -
166.816 149959 150781 145426 145410 145410 150122 146053 145410 -
166.916 150071 150324 145435 145420 145419 149690 146038 145420 -
167.015 149608 149906 145444 145429 145428 149296 146023 145429 -
167.115 149390 149526 145452 145437 145437 148938 146009 145437 -
167.214 148979 149182 145459 145444 145444 148615 145996 145444 -
167.314 148576 148871 145466 145451 145451 148325 145983 145451 -
167.413 148694 148593 145472 145458 145457 148066 145971 145457 -
167.513 147856 148345 145478 145463 145463 147835 145959 145463 -
167.612 148628 148123 145483 145469 145468 147630 145947 145469 -
167.712 148269 147926 145487 145474 145473 147449 145936 145473 -
167.811 147410 147751 145492 145478 145478 147290 145925 145478 -
167.911 147954 147596 145496 145482 145482 147150 145915 145482 -
168.01 148018 147459 145499 145486 145486 147027 145905 145486 -
168.11 147922 147338 145503 145490 145490 146919 145895 145490 -
168.209 147843 147230 145506 145493 145493 146824 145886 145493 -
168.309 147860 147135 145509 145496 145496 146741 145877 145496 -
168.408 147223 147050 145512 145499 145499 146667 145869 145499 -
168.508 148143 146974 145515 145502 145502 146602 145861 145502 -
168.607 147840 146905 145517 145505 145505 146545 145853 145505 -
168.707 146829 146844 145520 145507 145507 146493 145846 145507 -
168.806 146765 146788 145522 145510 145510 146448 145839 145510 -
168.906 146475 146738 145524 145512 145512 146406 145832 145512 -
169.005 147167 146692 145526 145515 145514 146369 145825 145514 -
169.105 147095 146649 145528 145517 145517 146335 145819 145517 -
169.204 146796 146610 145530 145519 145519 146304 145813 145519 -
169.304 146470 146574 145532 145521 145521 146276 145807 145521 -
169.403 145807 146540 145534 145523 145523 146250 145802 145523 -
169.503 146597 146508 145536 145525 145524 146225 145796 145525 -
169.602 146209 146479 145537 145526 145526 146203 145791 145526 -
169.702 146116 146451 145539 145528 145528 146182 145786 145528 -
169.801 145648 146424 145540 145530 145530 146162 145782 145530 -
169.901 145509 146399 145542 145531 145531 146143 145777 145531 -
170 146081 146375 145543 145533 145533 146125 145773 145533 146375
