362.1 31224 31291.2 31291.2 25517 25517 31291.2
362.2 31211.1 31495 31495 25538.1 25538.1 -
362.299 31597.1 31708.6 31708.6 25559.9 25559.9 -
362.399 31805.9 31932.6 31932.6 25582.3 25582.3 -
362.498 31885.4 32167.7 32167.7 25605.5 25605.5 -
362.598 32108.3 32414.7 32414.7 25629.5 25629.5 -
362.697 32473.9 32674.4 32674.4 25654.3 25654.3 -
362.797 32371.1 32947.8 32947.8 25679.9 25679.9 -
362.896 32916.1 33235.8 33235.8 25706.5 25706.5 -
362.996 32943.8 33539.6 33539.6 25734 25734 -
363.095 33818 33860.3 33860.3 25762.5 25762.5 -
363.195 33552.1 34199.3 34199.3 25792.1 25792.1 -
363.294 34049.1 34558 34558 25822.8 25822.8 -
363.394 34738.4 34938 34938 25854.7 25854.7 -
363.493 34897.5 35341.2 35341.2 25887.9 25887.9 -
363.593 35338.9 35769.4 35769.4 25922.5 25922.5 -
363.692 35517.5 36224.8 36224.8 25958.4 25958.4 -
363.792 36229.1 36709.9 36709.9 25995.9 25995.9 -
363.891 36681.7 37227.2 37227.2 26035.1 26035.1 -
363.991 37088.3 37779.9 37779.9 26076 26076 -
364.09 37921.7 38371.3 38371.3 26118.7 26118.7 -
364.19 38436.9 39005.1 39005.1 26163.5 26163.5 -
364.289 38829.7 39685.5 39685.5 26210.4 26210.4 -
364.389 39451.7 40417.4 40417.4 26259.7 26259.7 -
364.488 40301.4 41206.1 41206.1 26311.4 26311.4 -
364.588 41455.3 42057.7 42057.7 26365.8 26365.8 -
364.687 41977.4 42979.2 42979.2 26423.1 26423.1 -
364.787 43207.7 43978.8 43978.8 26483.6 26483.6 -
364.886 43787.5 45065.8 45065.8 26547.5 26547.5 -
364.986 45263.6 46251.2 46251.2 26615.2 26615.2 -
365.085 45829.4 47548.1 47548.1 26686.9 26686.9 -
365.185 46776.8 48972.8 48972.8 26763.2 26763.2 -
365.284 48576.3 50545.7 50545.7 26844.3 26844.3 -
365.384 50188.9 52293 52293 26930.9 26930.9 -
365.483 51642 54250.1 54250.1 27023.6 27023.6 -
365.583 53593.9 56464.9 56464.9 27123 27123 -
365.682 55993.7 59004.4 59004.4 27230.2 27230.2 -
365.782 58846.9 61961.8 61961.8 27346.3 27346.3 -
365.881 61605.1 65467.4 65467.4 27472.8 27472.8 -
365.981 65317.4 69701.2 69701.2 27611.6 27611.6 -
366.08 70763.8 74907.4 74907.4 27765.4 27765.4 -
366.18 76576.4 81409.6 81409.6 27937.6 27937.6 -
366.279 84214.9 89623.9 89623.9 28133 28133 -
366.379 94160.1 100068 100068 28357.7 28357.6 -
366.478 106852 113360 113360 28619.7 28619.6 -
366.578 123855 130203 130203 28929.3 28929.3 -
366.677 145554 151355 151355 29299.3 29299.3 -
366.777 172916 177574 177573 29745.3 29745.2 -
366.876 207649 209544 209543 30285.6 30285.3 -
366.976 250086 247787 247786 30940.9 30940.2 -
367.075 299079 292555 292554 31734 31732.5 -
367.175 357110 343724 343721 32688.5 32685.4 -
367.274 420243 400674 400668 33827.9 33821.8 -
367.374 484698 462174 462162 35174.1 35162.1 -
367.473 547910 526244 526221 36745.2 36722.3 -
367.573 606855 590018 589975 38553.4 38510.8 -
367.672 660579 649646 649569 40603 40525.7 -
367.772 704639 700405 700269 42887.6 42751.2 -
367.871 736899 737228 736994 45388.4 45154 -
367.971 753467 755794 755401 48074.8 47682.5 -
368.07 756023 755839 755200 50908.9 50269.6 -
368.17 745035 742619 741605 53861.8 52847.5 -
368.269 719752 717867 716300 56934.8 55367.6 -
368.369 682922 683884 681526 60146 57788.1 -
368.468 641492 643332 639878 63530 60075.6 -
368.568 594566 598836 593908 67134.8 62206.5 -
368.667 547656 552725 545878 71013.4 64167.1 -
368.767 501836 506923 497662 75213.5 65952.1 -
368.866 459784 462930 450730 79763.1 67563.2 -
368.966 421507 421836 406187 84656.8 69007.7 -
369.065 387144 384365 364818 89843.6 70296.8 -
369.165 357953 350908 327133 95219.1 71444.3 -
369.264 332076 321565 293406 100624 72465.3 -
369.364 308135 296189 263712 105852 73375.4 -
369.463 287247 274444 237970 110663 74189.5 -
369.563 268835 255859 215971 114809 74921.1 -
369.662 251372 239897 197419 118060 75582.2 -
369.762 235704 226012 181962 120232 76182.5 -
369.861 221464 213703 169222 121211 76729.9 -
369.961 207902 202555 158817 120968 77230.4 -
370.06 195882 192261 150382 119568 77688.3 -
370.16 184371 182631 143583 117155 78106.9 -
370.259 174374 173575 138123 113941 78488.7 -
370.359 164806 165091 133747 110180 78836.1 -
370.458 156409 157227 130242 106136 79151.3 -
370.558 149113 150060 127437 102059 79436.5 -
370.657 142758 143662 125194 98162.3 79694.6 -
370.757 137606 138088 123408 94608.8 79928.3 -
370.856 133792 133363 121999 91504.7 80140.8 -
370.956 130999 129474 120909 88901 80335.2 -
371.055 128168 126385 120097 86802 80514.7 -
371.155 126464 124032 119538 85176.1 80682.3 -
371.254 125331 122345 119218 83968.4 80840.7 -
371.354 124227 121251 119132 83112.1 80992.4 -
371.453 123825 120687 119288 82538.4 81139.4 -
371.553 123686 120604 119705 82183 81283.9 -
371.652 123490 120982 120420 81990.2 81427.6 -
371.752 123647 121828 121485 81914.9 81572.1 -
371.851 124525 123186 122982 81922.6 81719.2 -
371.951 125509 125145 125028 81988.2 81870.7 -
372.05 126584 127846 127780 82094.9 82028.8 -
372.15 129004 131488 131452 82232.4 82196.2 -
372.249 132347 136338 136319 82395.6 82376.3 -
372.349 136734 142732 142722 82583.5 82573.4 -
372.448 143001 151076 151070 82798.4 82793.2 -
372.548 151590 161828 161825 83045.5 83042.7 -
372.647 163165 175484 175482 83332.3 83330.5 -
372.747 178690 192535 192533 83669 83667.2 -
372.846 199444 213418 213415 84067.7 84065 -
372.946 224436 238459 238454 84542.7 84537.6 -
373.045 254819 267802 267792 85109.9 85100 -
373.145 291294 301334 301315 85786.6 85767.5 -
373.244 331550 338615 338580 86590.9 86555.1 -
373.344 373730 378797 378731 87541.4 87476 -
373.443 416155 420532 420416 88656.6 88540.3 -
373.543 456970 461891 461690 89954.6 89753.3 -
373.642 493475 500301 499961 91452.4 91112.9 -
373.742 524504 532643 532085 93165.3 92607.9 -
373.841 547979 555635 554744 95106.7 94215.6 -
373.941 562677 566577 565190 97288.8 95901.4 -
374.04 567326 565885 563782 99724.3 97621.1 -
374.14 561379 556881 553776 102437 99331.9 -
374.239 546521 540701 536237 105467 101004 -
374.339 524263 518918 512670 108858 102610 -
374.438 497053 493298 484781 112648 104131 -
374.538 466239 465534 454229 116858 105553 -
374.637 433781 437084 422473 121480 106868 -
374.737 402449 409101 390711 126465 108075 -
374.836 374588 382421 359881 131714 109174 -
374.936 349082 357585 330686 137072 110173 -
375.035 325001 334878 303617 142338 111077 -
375.135 304404 314366 278989 147271 111894 -
375.234 286458 295951 256967 151619 112634 -
375.334 270849 279417 237584 155137 113304 -
375.433 256385 264486 220773 157623 113911 -
375.533 244001 250867 206389 158938 114461 -
375.632 231548 238297 194228 159028 114959 -
375.732 220557 226573 184054 157929 115410 -
375.831 210870 215562 175615 155763 115816 -
375.931 201227 205206 168660 152727 116180 -
376.03 192550 195506 162948 149064 116506 -
376.13 185119 186506 158262 145039 116794 -
376.229 177533 178269 154410 140908 117049 -
376.329 170938 170852 151226 136899 117273 -
376.428 165830 164294 148573 133189 117468 -
376.528 160157 158602 146340 129902 117640 -
376.627 155114 153751 144438 127103 117789 -
376.727 151611 149685 142796 124809 117921 -
376.826 147574 146323 141362 122998 118037 -
376.926 145128 143573 140094 121619 118140 -
377.025 142784 141337 138961 120609 118233 -
377.125 140334 139520 137940 119897 118317 -
377.224 139515 138035 137012 119418 118395 -
377.324 138502 136809 136164 119112 118467 -
377.423 137377 135782 135385 118930 118534 -
377.523 136197 134904 134668 118833 118597 -
377.622 135382 134141 134003 118794 118656 -
377.722 135049 133465 133387 118791 118713 -
377.821 133436 132858 132814 118810 118767 -
377.921 132355 132304 132281 118841 118818 -
378.02 132001 131795 131782 118880 118867 -
378.12 130363 131323 131317 118921 118915 -
378.219 129447 130884 130881 118963 118960 -
378.319 129010 130473 130472 119005 119004 -
378.418 128082 130089 130088 119046 119045 -
378.518 127102 129727 129727 119086 119086 -
378.617 126834 129387 129387 119125 119125 -
378.717 126219 129067 129067 119162 119162 -
378.816 125584 128765 128765 119198 119198 -
378.916 125196 128479 128479 119233 119233 -
379.015 125185 128209 128209 119267 119267 -
379.115 124574 127954 127954 119300 119300 -
379.214 124797 127712 127712 119331 119331 -
379.314 124685 127482 127482 119362 119362 -
379.413 124692 127264 127264 119392 119392 -
379.513 124365 127057 127057 119420 119420 -
379.612 124569 126860 126860 119448 119448 -
379.712 124401 126673 126673 119475 119475 -
379.811 125014 126494 126494 119502 119502 -
379.911 125131 126324 126324 119527 119527 -
380.01 124902 126162 126162 119552 119552 -
380.11 124540 126007 126007 119576 119576 -
380.209 125217 125859 125859 119600 119600 -
380.309 126480 125717 125717 119623 119623 -
380.408 126311 125582 125582 119645 119645 -
380.508 126379 125452 125452 119667 119667 -
380.607 126937 125328 125328 119688 119688 -
380.707 127584 125209 125209 119708 119708 -
380.806 127838 125095 125095 119728 119728 -
380.906 128252 124985 124985 119748 119748 -
381.005 128267 124880 124880 119767 119767 -
381.105 128979 124779 124779 119786 119786 -
381.204 129591 124682 124682 119804 119804 -
381.304 129693 124589 124589 119822 119822 -
381.403 130902 124499 124499 119839 119839 -
381.503 130854 124413 124413 119856 119856 -
381.602 131482 124329 124329 119873 119873 -
381.702 131299 124249 124249 119889 119889 -
381.801 132156 124172 124172 119905 119905 -
381.901 132600 124097 124097 119921 119921 -
382 133184 124025 124025 119936 119936 124025
