1100 6675
1099.74 6801
1099.48 6586
1099.21 6725
1098.95 6720
1098.69 6909
1098.43 6669
1098.17 6674
1097.9 6813
1097.64 6802
1097.38 6811
1097.12 6827
1096.86 6730
1096.59 6745
1096.33 6768
1096.07 6685
1095.81 6837
1095.55 6766
1095.28 6765
1095.02 6765
1094.76 6711
1094.5 6734
1094.24 6825
1093.97 6804
1093.71 6862
1093.45 6767
1093.19 6745
1092.93 6982
1092.66 6839
1092.4 6826
1092.14 6799
1091.88 6659
1091.62 6766
1091.35 6723
1091.09 6820
1090.83 6717
1090.57 6878
1090.31 6898
1090.04 6925
1089.78 6832
1089.52 6892
1089.26 7007
1089 6805
1088.73 6914
1088.47 6710
1088.21 6756
1087.95 6931
1087.69 6876
1087.43 6732
1087.16 6816
1086.9 6832
1086.64 6930
1086.38 6953
1086.12 6943
1085.85 6766
1085.59 6921
1085.33 6903
1085.07 6918
1084.81 6929
1084.54 6892
1084.28 6972
1084.02 6862
1083.76 6740
1083.5 6939
1083.23 6902
1082.97 7062
1082.71 6936
1082.45 6930
1082.19 7052
1081.92 6944
1081.66 7033
1081.4 6959
1081.14 6938
1080.88 7074
1080.61 6899
1080.35 6906
1080.09 6959
1079.83 6990
1079.57 7006
1079.3 7054
1079.04 6959
1078.78 6993
1078.52 6884
1078.26 7079
1077.99 6921
1077.73 7184
1077.47 7012
1077.21 7155
1076.95 6993
1076.68 6918
1076.42 7034
1076.16 7011
1075.9 6915
1075.64 7031
1075.37 7123
1075.11 7163
1074.85 6987
1074.59 6978
1074.33 6985
1074.06 7169
1073.8 6989
1073.54 7025
1073.28 6993
1073.02 7041
1072.75 7113
1072.49 7034
1072.23 7050
1071.97 7022
1071.71 7093
1071.44 7029
1071.18 7009
1070.92 6961
1070.66 7005
1070.4 7150
1070.13 7064
1069.87 6935
1069.61 7191
1069.35 7110
1069.09 7198
1068.82 6985
1068.56 7101
1068.3 7048
1068.04 6784
1067.78 7065
1067.51 7096
1067.25 7042
1066.99 7157
1066.73 7202
1066.47 7054
1066.2 7103
1065.94 7210
1065.68 7248
1065.42 7115
1065.16 7112
1064.89 7191
1064.63 7031
1064.37 7258
1064.11 7010
1063.85 7289
1063.59 7287
1063.32 7118
1063.06 7038
1062.8 7185
1062.54 7193
1062.28 7199
1062.01 7371
1061.75 7164
1061.49 7301
1061.23 7158
1060.97 7186
1060.7 7350
1060.44 7158
1060.18 7084
1059.92 7019
1059.66 7224
1059.39 7247
1059.13 7122
1058.87 7180
1058.61 7143
1058.35 7212
1058.08 7284
1057.82 7327
1057.56 7282
1057.3 7020
1057.04 7175
1056.77 7190
1056.51 7272
1056.25 7192
1055.99 7228
1055.73 7351
1055.46 7183
1055.2 7303
1054.94 7319
1054.68 7359
1054.42 7357
1054.15 7343
1053.89 7347
1053.63 7143
1053.37 7117
1053.11 7328
1052.84 7293
1052.58 7312
1052.32 7350
1052.06 7412
1051.8 7350
1051.53 7300
1051.27 7284
1051.01 7355
1050.75 7206
1050.49 7354
1050.22 7451
1049.96 7423
1049.7 7260
1049.44 7289
1049.18 7407
1048.91 7254
1048.65 7339
1048.39 7519
1048.13 7313
1047.87 7447
1047.6 7250
1047.34 7332
1047.08 7270
1046.82 7323
1046.56 7341
1046.29 7340
1046.03 7371
1045.77 7260
1045.51 7543
1045.25 7377
1044.98 7376
1044.72 7343
1044.46 7266
1044.2 7440
1043.94 7374
1043.67 7444
1043.41 7343
1043.15 7508
1042.89 7222
1042.63 7441
1042.36 7343
1042.1 7476
1041.84 7445
1041.58 7369
1041.32 7361
1041.05 7439
1040.79 7552
1040.53 7468
1040.27 7460
1040.01 7419
1039.75 7446
1039.48 7467
1039.22 7313
1038.96 7332
1038.7 7678
1038.44 7463
1038.17 7326
1037.91 7462
1037.65 7538
1037.39 7453
1037.13 7463
1036.86 7497
1036.6 7421
1036.34 7481
1036.08 7534
1035.82 7701
1035.55 7587
1035.29 7373
1035.03 7548
1034.77 7520
1034.51 7459
1034.24 7635
1033.98 7517
1033.72 7496
1033.46 7499
1033.2 7598
1032.93 7632
1032.67 7360
1032.41 7619
1032.15 7501
1031.89 7669
1031.62 7445
1031.36 7618
1031.1 7590
1030.84 7625
1030.58 7639
1030.31 7381
1030.05 7622
1029.79 7488
1029.53 7591
1029.27 7512
1029 7694
1028.74 7561
1028.48 7602
1028.22 7518
1027.96 7746
1027.69 7704
1027.43 7579
1027.17 7778
1026.91 7581
1026.65 7545
1026.38 7616
1026.12 7628
1025.86 7748
1025.6 7546
1025.34 7778
1025.07 7617
1024.81 7719
1024.55 7520
1024.29 7581
1024.03 7672
1023.76 7634
1023.5 7726
1023.24 7641
1022.98 7839
1022.72 7741
1022.45 7721
1022.19 7781
1021.93 7607
1021.67 7681
1021.41 7888
1021.14 7653
1020.88 7793
1020.62 7633
1020.36 7661
1020.1 7814
1019.83 7628
1019.57 7739
1019.31 7784
1019.05 7614
1018.79 7849
1018.52 7717
1018.26 7827
1018 7730
1017.74 7777
1017.48 7653
1017.22 7721
1016.95 7769
1016.69 7774
1016.43 7812
1016.17 7863
1015.91 7602
1015.64 7748
1015.38 7961
1015.12 7862
1014.86 8007
1014.6 7788
1014.33 7701
1014.07 7678
1013.81 7819
1013.55 7988
1013.29 7815
1013.02 7796
1012.76 7847
1012.5 7732
1012.24 7906
1011.98 7839
1011.71 8005
1011.45 7886
1011.19 8064
1010.93 7873
1010.67 8073
1010.4 7808
1010.14 7955
1009.88 7904
1009.62 7913
1009.36 7927
1009.09 7987
1008.83 7991
1008.57 7976
1008.31 8088
1008.05 7990
1007.78 7949
1007.52 7793
1007.26 8060
1007 7959
1006.74 7906
1006.47 7992
1006.21 8031
1005.95 8044
1005.69 8168
1005.43 7978
1005.16 7847
1004.9 8033
1004.64 7968
1004.38 8189
1004.12 7975
1003.85 8086
1003.59 8149
1003.33 8064
1003.07 7960
1002.81 8017
1002.54 8076
1002.28 8094
1002.02 8102
1001.76 8121
1001.5 8164
1001.23 8066
1000.97 8073
1000.71 8106
1000.45 8095
1000.19 8056
999.924 8225
999.662 8076
999.401 8238
999.139 8177
998.877 8265
998.615 8130
998.353 8124
998.091 8048
997.829 8227
997.567 8181
997.305 8280
997.043 8213
996.781 8222
996.519 8258
996.257 8262
995.995 8056
995.733 8254
995.471 8087
995.209 8117
994.947 8123
994.685 8288
994.423 8177
994.161 8090
993.899 8147
993.637 8146
993.375 8308
993.113 8248
992.851 8093
992.589 8279
992.327 8151
992.065 8293
991.803 8141
991.541 8245
991.279 8091
991.017 8317
990.755 8171
990.493 7994
990.231 7996
989.969 8192
989.707 8289
989.445 8104
989.183 8085
988.921 8139
988.659 8289
988.397 8099
988.135 8176
987.873 8157
987.612 8218
987.35 8318
987.088 8189
986.826 8217
986.564 7981
986.302 8427
986.04 8201
985.778 8298
985.516 8222
985.254 8027
984.992 8208
984.73 8402
984.468 8148
984.206 8177
983.944 8158
983.682 8252
983.42 8274
983.158 8451
982.896 8213
982.634 8120
982.372 8191
982.11 8222
981.848 8198
981.586 8341
981.324 8246
981.062 8267
980.8 8323
980.538 8272
980.276 8553
980.014 8311
979.752 8270
979.49 8330
979.228 8456
978.966 8458
978.704 8502
978.442 8507
978.18 8520
977.918 8594
977.656 8439
977.394 8594
977.132 8547
976.87 8500
976.608 8538
976.346 8358
976.084 8467
975.823 8341
975.561 8399
975.299 8282
975.037 8436
974.775 8564
974.513 8245
974.251 8327
973.989 8516
973.727 8497
973.465 8446
973.203 8422
972.941 8488
972.679 8489
972.417 8376
972.155 8436
971.893 8371
971.631 8342
971.369 8421
971.107 8327
970.845 8455
970.583 8180
970.321 8466
970.059 8373
969.797 8193
969.535 8231
969.273 8187
969.011 8186
968.749 8260
968.487 8315
968.225 8452
967.963 8282
967.701 8295
967.439 8178
967.177 8187
966.915 8256
966.653 8262
966.391 8323
966.129 8112
965.867 8231
965.605 8319
965.343 8241
965.081 8092
964.819 8159
964.557 8116
964.295 8074
964.034 8348
963.772 8233
963.51 8248
963.248 8048
962.986 8160
962.724 8136
962.462 8143
962.2 8140
961.938 8136
961.676 8043
961.414 8076
961.152 8053
960.89 7981
960.628 8023
960.366 7968
960.104 8131
959.842 8035
959.58 8097
959.318 8057
959.056 7977
958.794 8148
958.532 8083
958.27 8100
958.008 8144
957.746 8097
957.484 8151
957.222 8055
956.96 8122
956.698 8081
956.436 7993
956.174 8151
955.912 7997
955.65 8098
955.388 8150
955.126 8087
954.864 8066
954.602 7946
954.34 8261
954.078 7945
953.816 8114
953.554 8053
953.292 7962
953.03 8177
952.768 7881
952.506 8099
952.245 8192
951.983 8149
951.721 8207
951.459 8310
951.197 8155
950.935 8121
950.673 8268
950.411 8151
950.149 8191
949.887 8100
949.625 8054
949.363 8191
949.101 8349
948.839 8172
948.577 8179
948.315 8163
948.053 8216
947.791 8194
947.529 8234
947.267 8244
947.005 8205
946.743 8259
946.481 8227
946.219 7998
945.957 8362
945.695 8244
945.433 8230
945.171 8211
944.909 8265
944.647 8170
944.385 7920
944.123 8146
943.861 8292
943.599 8380
943.337 8217
943.075 8248
942.813 8381
942.551 8301
942.289 8304
942.027 8279
941.765 8229
941.503 8289
941.241 8319
940.979 8407
940.717 8344
940.456 8237
940.194 8121
939.932 8241
939.67 8295
939.408 8149
939.146 8307
938.884 8383
938.622 8271
938.36 8339
938.098 8265
937.836 8464
937.574 8309
937.312 8374
937.05 8402
936.788 8350
936.526 8303
936.264 8287
936.002 8221
935.74 8309
935.478 8347
935.216 8580
934.954 8221
934.692 8462
934.43 8336
934.168 8422
933.906 8283
933.644 8374
933.382 8378
933.12 8362
932.858 8440
932.596 8357
932.334 8451
932.072 8579
931.81 8475
931.548 8631
931.286 8389
931.024 8502
930.762 8509
930.5 8513
930.238 8474
929.976 8521
929.714 8614
929.452 8491
929.19 8495
928.928 8392
928.667 8529
928.405 8456
928.143 8585
927.881 8370
927.619 8460
927.357 8599
927.095 8516
926.833 8469
926.571 8524
926.309 8461
926.047 8424
925.785 8646
925.523 8572
925.261 8520
924.999 8494
924.737 8583
924.475 8387
924.213 8427
923.951 8686
923.689 8563
923.427 8428
923.165 8517
922.903 8476
922.641 8491
922.379 8604
922.117 8374
921.855 8419
921.593 8436
921.331 8571
921.069 8700
920.807 8613
920.545 8504
920.283 8600
920.021 8598
919.759 8421
919.497 8582
919.235 8581
918.973 8580
918.711 8594
918.449 8731
918.187 8460
917.925 8696
917.663 8598
917.401 8471
917.139 8849
916.878 8739
916.616 8529
916.354 8581
916.092 8551
915.83 8517
915.568 8618
915.306 8440
915.044 8774
914.782 8502
914.52 8566
914.258 8644
913.996 8439
913.734 8592
913.472 8705
913.21 8661
912.948 8788
912.686 8668
912.424 8728
912.162 8770
911.9 8809
911.638 8670
911.376 8481
911.114 8816
910.852 8769
910.59 8605
910.328 8668
910.066 8591
909.804 8683
909.542 8785
909.28 8596
909.018 8904
908.756 8620
908.494 8595
908.232 8724
907.97 8636
907.708 8659
907.446 8749
907.184 8661
906.922 8606
906.66 8688
906.398 8861
906.136 8679
905.874 8682
905.612 8761
905.35 8673
905.089 8646
904.827 8799
904.565 8645
904.303 8739
904.041 8563
903.779 8799
903.517 8698
903.255 8601
902.993 8735
902.731 8807
902.469 8765
902.207 8845
901.945 8997
901.683 8785
901.421 8867
901.159 8981
900.897 8828
900.635 8876
900.373 8967
900.111 8782
899.849 8864
899.587 8689
899.325 8780
899.063 9032
898.801 8711
898.539 8759
898.277 8869
898.015 8952
897.753 8860
897.491 8821
897.229 8900
896.967 8802
896.705 9108
896.443 9062
896.181 8990
895.919 8958
895.657 9017
895.395 9078
895.133 8864
894.871 8890
894.609 8845
894.347 9064
894.085 9046
893.823 8953
893.561 9010
893.3 8886
893.038 8930
892.776 9020
892.514 8973
892.252 9099
891.99 9028
891.728 9006
891.466 8891
891.204 9102
890.942 8899
890.68 9204
890.418 8969
890.156 9010
889.894 9140
889.632 8937
889.37 9072
889.108 9007
888.846 9168
888.584 8978
888.322 9041
888.06 9296
887.798 8981
887.536 8880
887.274 8838
887.012 9030
886.75 9074
886.488 9078
886.226 9119
885.964 9095
885.702 9056
885.44 9227
885.178 9184
884.916 9084
884.654 9191
884.392 9166
884.13 9202
883.868 9152
883.606 9190
883.344 9202
883.082 9093
882.82 8991
882.558 8986
882.296 9153
882.034 9116
881.772 9165
881.511 9147
881.249 9002
880.987 9169
880.725 9413
880.463 9202
880.201 9197
879.939 9107
879.677 9121
879.415 9306
879.153 9038
878.891 9151
878.629 9192
878.367 9177
878.105 9216
877.843 9354
877.581 9360
877.319 9069
877.057 9418
876.795 9134
876.533 9278
876.271 9191
876.009 9421
875.747 9337
875.485 9324
875.223 9321
874.961 9308
874.699 9393
874.437 9295
874.175 9372
873.913 9204
873.651 9442
873.389 9374
873.127 9262
872.865 9379
872.603 9338
872.341 9268
872.079 9525
871.817 9453
871.555 9390
871.293 9411
871.031 9348
870.769 9502
870.507 9289
870.245 9306
869.983 9430
869.722 9179
869.46 9174
869.198 9151
868.936 9295
868.674 9322
868.412 8968
868.15 9304
867.888 9330
867.626 9481
867.364 9307
867.102 9328
866.84 9380
866.578 9408
866.316 9237
866.054 9360
865.792 9447
865.53 9459
865.268 9320
865.006 9394
864.744 9296
864.482 9412
864.22 9238
863.958 9442
863.696 9597
863.434 9638
863.172 9498
862.91 9381
862.648 9442
862.386 9333
862.124 9294
861.862 9544
861.6 9430
861.338 9409
861.076 9287
860.814 9299
860.552 9375
860.29 9400
860.028 9408
859.766 9414
859.504 9524
859.242 9519
858.98 9449
858.718 9529
858.456 9472
858.194 9600
857.932 9337
857.671 9431
857.409 9368
857.147 9401
856.885 9662
856.623 9401
856.361 9547
856.099 9588
855.837 9505
855.575 9465
855.313 9417
855.051 9453
854.789 9365
854.527 9510
854.265 9693
854.003 9687
853.741 9570
853.479 9699
853.217 9460
852.955 9667
852.693 9531
852.431 9650
852.169 9507
851.907 9659
851.645 9526
851.383 9573
851.121 9618
850.859 9476
850.597 9497
850.335 9643
850.073 9559
849.811 9591
849.549 9761
849.287 9689
849.025 9804
848.763 9907
848.501 9619
848.239 9710
847.977 9804
847.715 9782
847.453 9680
847.191 9502
846.929 9653
846.667 9593
846.405 9714
846.143 9580
845.882 9710
845.62 9640
845.358 9752
845.096 9776
844.834 9773
844.572 9604
844.31 9642
844.048 9686
843.786 9755
843.524 9804
843.262 9685
843 9879
842.738 9543
842.476 9817
842.214 9727
841.952 9856
841.69 9681
841.428 9718
841.166 9793
840.904 9798
840.642 9726
840.38 9813
840.118 9920
839.856 9813
839.594 9917
839.332 9531
839.07 9886
838.808 9679
838.546 9817
838.284 9871
838.022 9808
837.76 9796
837.498 9854
837.236 9832
836.974 9826
836.712 9942
836.45 9895
836.188 9773
835.926 9706
835.664 9703
835.402 9839
835.14 9840
834.878 9768
834.616 9851
834.354 9939
834.093 9718
833.831 10066
833.569 9870
833.307 9817
833.045 10008
832.783 10091
832.521 9784
832.259 10036
831.997 9982
831.735 9914
831.473 9993
831.211 9947
830.949 9920
830.687 10078
830.425 9747
830.163 9799
829.901 9911
829.639 10041
829.377 9897
829.115 10040
828.853 9860
828.591 10076
828.329 9982
828.067 9916
827.805 10080
827.543 10029
827.281 9935
827.019 9960
826.757 10062
826.495 9987
826.233 10027
825.971 9863
825.709 10176
825.447 9942
825.185 9955
824.923 9978
824.661 10098
824.399 10077
824.137 10100
823.875 10197
823.613 10297
823.351 9887
823.089 10149
822.827 9995
822.565 10208
822.304 10112
822.042 10144
821.78 10091
821.518 9981
821.256 10057
820.994 10118
820.732 10055
820.47 10077
820.208 10130
819.946 10142
819.684 10054
819.422 9919
819.16 10192
818.898 10264
818.636 10059
818.374 10140
818.112 10212
817.85 10096
817.588 10005
817.326 10093
817.064 10074
816.802 10166
816.54 10088
816.278 10231
816.016 10106
815.754 10200
815.492 10145
815.23 10015
814.968 10114
814.706 10166
814.444 10134
814.182 10077
813.92 10100
813.658 10179
813.396 10132
813.134 10216
812.872 10317
812.61 10246
812.348 10176
812.086 10316
811.824 10300
811.562 10079
811.3 10338
811.038 10260
810.776 10313
810.515 10302
810.253 10320
809.991 10183
809.729 10405
809.467 10325
809.205 10124
808.943 10305
808.681 10143
808.419 10507
808.157 10360
807.895 10375
807.633 10325
807.371 10478
807.109 10135
806.847 10531
806.585 10379
806.323 10536
806.061 10470
805.799 10183
805.537 10373
805.275 10469
805.013 10314
804.751 10288
804.489 10356
804.227 10427
803.965 10353
803.703 10473
803.441 10390
803.179 10466
802.917 10428
802.655 10398
802.393 10379
802.131 10409
801.869 10320
801.607 10364
801.345 10394
801.083 10348
800.821 10319
800.559 10534
800.297 10515
800.035 10276
799.773 10391
799.511 10538
799.249 10418
798.987 10604
798.726 10416
798.464 10296
798.202 10331
797.94 10453
797.678 10237
797.416 10494
797.154 10492
796.892 10453
796.63 10350
796.368 10571
796.106 10377
795.844 10473
795.582 10600
795.32 10643
795.058 10468
794.796 10635
794.534 10484
794.272 10533
794.01 10294
793.748 10602
793.486 10390
793.224 10564
792.962 10516
792.7 10654
792.438 10578
792.176 10531
791.914 10616
791.652 10581
791.39 10643
791.128 10592
790.866 10460
790.604 10687
790.342 10555
790.08 10594
789.818 10727
789.556 10743
789.294 10682
789.032 10744
788.77 10606
788.508 10692
788.246 10569
787.984 10514
787.722 10701
787.46 10671
787.198 10570
786.937 10571
786.675 10414
786.413 10719
786.151 10856
785.889 10617
785.627 10583
785.365 10774
785.103 10710
784.841 10914
784.579 10873
784.317 10554
784.055 10603
783.793 10795
783.531 10561
783.269 10694
783.007 10628
782.745 10645
782.483 10795
782.221 10607
781.959 10765
781.697 10861
781.435 10752
781.173 10796
780.911 10783
780.649 10625
780.387 10841
780.125 10835
779.863 10646
779.601 10866
779.339 10829
779.077 10971
778.815 10811
778.553 10757
778.291 10890
778.029 10911
777.767 10812
777.505 10903
777.243 10844
776.981 10847
776.719 10710
776.457 10952
776.195 10934
775.933 10913
775.671 11053
775.409 10715
775.148 10865
774.886 10798
774.624 10880
774.362 10839
774.1 11039
773.838 10892
773.576 11021
773.314 10912
773.052 10871
772.79 10784
772.528 10855
772.266 10956
772.004 10968
771.742 10847
771.48 10958
771.218 11017
770.956 11068
770.694 11173
770.432 11082
770.17 10857
769.908 11011
769.646 10967
769.384 10984
769.122 10793
768.86 10936
768.598 11119
768.336 11107
768.074 10987
767.812 10946
767.55 10949
767.288 11134
767.026 11218
766.764 11076
766.502 11032
766.24 10985
765.978 11133
765.716 11029
765.454 10952
765.192 11003
764.93 11102
764.668 11063
764.406 10860
764.144 10997
763.882 11134
763.62 11075
763.359 11049
763.097 10977
762.835 11215
762.573 10936
762.311 11037
762.049 10899
761.787 11192
761.525 11198
761.263 11066
761.001 11165
760.739 11128
760.477 11245
760.215 11182
759.953 11229
759.691 11057
759.429 10996
759.167 11234
758.905 11138
758.643 11346
758.381 11206
758.119 11147
757.857 11164
757.595 11317
757.333 11135
757.071 11316
756.809 11223
756.547 11303
756.285 11297
756.023 11146
755.761 11174
755.499 11225
755.237 11465
754.975 11286
754.713 11207
754.451 11288
754.189 11330
753.927 11423
753.665 11337
753.403 11483
753.141 11289
752.879 11381
752.617 11483
752.355 11534
752.093 11353
751.831 11330
751.57 11312
751.308 11482
751.046 11382
750.784 11365
750.522 11630
750.26 11478
749.998 11270
749.736 11304
749.474 11262
749.212 11545
748.95 11315
748.688 11377
748.426 11351
748.164 11409
747.902 11651
747.64 11405
747.378 11477
747.116 11529
746.854 11525
746.592 11478
746.33 11518
746.068 11296
745.806 11435
745.544 11563
745.282 11397
745.02 11498
744.758 11702
744.496 11661
744.234 11491
743.972 11626
743.71 11536
743.448 11678
743.186 11741
742.924 11604
742.662 11548
742.4 11543
742.138 11714
741.876 11573
741.614 11614
741.352 11512
741.09 11561
740.828 11975
740.566 11362
740.304 11663
740.042 11556
739.781 11448
739.519 11581
739.257 11793
738.995 11630
738.733 11586
738.471 11579
738.209 11475
737.947 11563
737.685 11608
737.423 11665
737.161 11727
736.899 11468
736.637 11642
736.375 11515
736.113 11615
735.851 11730
735.589 11772
735.327 11516
735.065 11529
734.803 11742
734.541 11606
734.279 11452
734.017 11708
733.755 11614
733.493 11774
733.231 11856
732.969 11592
732.707 11637
732.445 11730
732.183 11669
731.921 11414
731.659 11581
731.397 11592
731.135 11844
730.873 11652
730.611 11806
730.349 11697
730.087 11703
729.825 11881
729.563 11554
729.301 11670
729.039 11436
728.777 11472
728.515 11709
728.253 11561
727.992 11784
727.73 11783
727.468 11669
727.206 11761
726.944 11884
726.682 11713
726.42 11875
726.158 11739
725.896 11775
725.634 11721
725.372 11886
725.11 11723
724.848 12034
724.586 11807
724.324 11929
724.062 11932
723.8 12062
723.538 12127
723.276 12124
723.014 12057
722.752 12320
722.49 12257
722.228 12187
721.966 12233
721.704 12241
721.442 12404
721.18 12181
720.918 12466
720.656 12395
720.394 12501
720.132 12412
719.87 12497
719.608 12530
719.346 12438
719.084 12593
718.822 12435
718.56 12580
718.298 12550
718.036 12716
717.774 12570
717.512 12380
717.25 12361
716.988 12821
716.726 12472
716.464 12501
716.203 12495
715.941 12293
715.679 12426
715.417 12112
715.155 12204
714.893 12213
714.631 12098
714.369 12086
714.107 12007
713.845 12110
713.583 12105
713.321 11894
713.059 11965
712.797 11954
712.535 11717
712.273 11665
712.011 11910
711.749 11688
711.487 11742
711.225 11714
710.963 11665
710.701 11541
710.439 11650
710.177 11639
709.915 11869
709.653 11690
709.391 11868
709.129 11651
708.867 11651
708.605 11629
708.343 11548
708.081 11498
707.819 11542
707.557 11606
707.295 11581
707.033 11488
706.771 11463
706.509 11655
706.247 11506
705.985 11772
705.723 11470
705.461 11574
705.199 11462
704.937 11499
704.675 11589
704.414 11591
704.152 11770
703.89 11538
703.628 11626
703.366 11616
703.104 11435
702.842 11618
702.58 11485
702.318 11597
702.056 11581
701.794 11518
701.532 11614
701.27 11745
701.008 11705
700.746 11712
700.484 11749
700.222 11753
699.96 11526
699.698 11765
699.436 11687
699.174 11704
698.912 11615
698.65 11594
698.388 11667
698.126 11725
697.864 11802
697.602 11774
697.34 11669
697.078 11771
696.816 11505
696.554 11754
696.292 11969
696.03 11591
695.768 11517
695.506 11782
695.244 11716
694.982 11655
694.72 11788
694.458 11667
694.196 11699
693.934 11791
693.672 11625
693.41 11842
693.148 11628
692.886 12009
692.624 11906
692.363 11892
692.101 11797
691.839 11586
691.577 11646
691.315 11670
691.053 11821
690.791 11901
690.529 11888
690.267 11562
690.005 11864
689.743 11661
689.481 11859
689.219 11813
688.957 11901
688.695 11804
688.433 11958
688.171 11853
687.909 11802
687.647 11813
687.385 11763
687.123 12049
686.861 12024
686.599 11809
686.337 11966
686.075 11866
685.813 11817
685.551 11810
685.289 12094
685.027 11768
684.765 11931
684.503 11847
684.241 12070
683.979 12271
683.717 11956
683.455 11944
683.193 11965
682.931 11954
682.669 11918
682.407 12010
682.145 12007
681.883 12061
681.621 11977
681.359 12004
681.097 11912
680.835 12057
680.574 12197
680.312 11967
680.05 12040
679.788 12066
679.526 12171
679.264 12111
679.002 12089
678.74 11887
678.478 11987
678.216 11886
677.954 11919
677.692 12182
677.43 12066
677.168 12068
676.906 12055
676.644 12213
676.382 12292
676.12 12011
675.858 12135
675.596 12168
675.334 11944
675.072 12068
674.81 11947
674.548 12270
674.286 12107
674.024 12152
673.762 12116
673.5 11975
673.238 12023
672.976 12180
672.714 11971
672.452 12058
672.19 12128
671.928 12060
671.666 12150
671.404 11888
671.142 12268
670.88 12187
670.618 12180
670.356 12284
670.094 12201
669.832 12450
669.57 12362
669.308 12346
669.046 12286
668.785 12067
668.523 12314
668.261 12297
667.999 12148
667.737 12369
667.475 12231
667.213 12538
666.951 12274
666.689 12253
666.427 12413
666.165 12228
665.903 12208
665.641 12483
665.379 12420
665.117 12412
664.855 12271
664.593 12293
664.331 12248
664.069 12337
663.807 12159
663.545 12597
663.283 12368
663.021 12549
662.759 12364
662.497 12342
662.235 12210
661.973 12351
661.711 12297
661.449 12695
661.187 12355
660.925 12627
660.663 12614
660.401 12103
660.139 12325
659.877 12551
659.615 12354
659.353 12562
659.091 12406
658.829 12406
658.567 12614
658.305 12656
658.043 12437
657.781 12555
657.519 12651
657.257 12545
656.996 12436
656.734 12564
656.472 12523
656.21 12613
655.948 12651
655.686 12515
655.424 12575
655.162 12644
654.9 12564
654.638 12513
654.376 12557
654.114 12643
653.852 12747
653.59 12598
653.328 12585
653.066 12824
652.804 12715
652.542 12528
652.28 12730
652.018 12932
651.756 12719
651.494 12794
651.232 12616
650.97 12739
650.708 12534
650.446 12814
650.184 12650
649.922 12698
649.66 12789
649.398 12597
649.136 12738
648.874 12520
648.612 12636
648.35 12596
648.088 12910
647.826 12876
647.564 12777
647.302 12733
647.04 12709
646.778 12847
646.516 12650
646.254 12882
645.992 12957
645.73 12953
645.468 12851
645.207 12847
644.945 12878
644.683 12951
644.421 12754
644.159 12795
643.897 13058
643.635 13043
643.373 12923
643.111 13064
642.849 12852
642.587 12976
642.325 12933
642.063 12643
641.801 12813
641.539 12820
641.277 12839
641.015 13062
640.753 13050
640.491 13147
640.229 13162
639.967 12858
639.705 12890
639.443 13068
639.181 12969
638.919 13022
638.657 12938
638.395 12799
638.133 13092
637.871 13230
637.609 12942
637.347 13032
637.085 13120
636.823 13133
636.561 13028
636.299 13147
636.037 13011
635.775 13056
635.513 13226
635.251 13238
634.989 12991
634.727 13103
634.465 12997
634.203 13391
633.941 13401
633.679 13419
633.418 13165
633.156 13159
632.894 13379
632.632 13359
632.37 13525
632.108 13552
631.846 13404
631.584 13736
631.322 13664
631.06 13701
630.798 13704
630.536 13847
630.274 13987
630.012 13732
629.75 13587
629.488 13675
629.226 13479
628.964 13342
628.702 13459
628.44 13374
628.178 13577
627.916 13430
627.654 13516
627.392 13453
627.13 13636
626.868 13432
626.606 13367
626.344 13629
626.082 13428
625.82 13525
625.558 13395
625.296 13468
625.034 13458
624.772 13635
624.51 13700
624.248 13534
623.986 13507
623.724 13457
623.462 13578
623.2 13491
622.938 13437
622.676 13528
622.414 13797
622.152 13633
621.89 13611
621.629 13498
621.367 13591
621.105 13753
620.843 13662
620.581 13567
620.319 13669
620.057 13742
619.795 13823
619.533 13599
619.271 13928
619.009 13892
618.747 13865
618.485 13976
618.223 13752
617.961 13371
617.699 13312
617.437 13343
617.175 13206
616.913 13141
616.651 13389
616.389 13276
616.127 13319
615.865 13076
615.603 12975
615.341 13151
615.079 13069
614.817 13075
614.555 13091
614.293 13138
614.031 13246
613.769 13152
613.507 13189
613.245 13250
612.983 13171
612.721 13073
612.459 12995
612.197 13140
611.935 13283
611.673 13044
611.411 13109
611.149 13109
610.887 13173
610.625 13230
610.363 13291
610.101 13223
609.84 13358
609.578 13291
609.316 13398
609.054 13371
608.792 13536
608.53 13855
608.268 13686
608.006 13922
607.744 13883
607.482 14343
607.22 14145
606.958 14382
606.696 14578
606.434 15060
606.172 15301
605.91 15597
605.648 15902
605.386 16307
605.124 16868
604.862 17301
604.6 17830
604.338 17674
604.076 18127
603.814 18071
603.552 18426
603.29 17876
603.028 17534
602.766 16981
602.504 16991
602.242 16121
601.98 15443
601.718 14999
601.456 14771
601.194 14504
600.932 14154
600.67 13961
600.408 13764
600.146 13608
599.884 13485
599.622 13235
599.36 13288
599.098 13490
598.836 13027
598.574 13386
598.312 13200
598.051 13219
597.789 13169
597.527 12953
597.265 13101
597.003 12803
596.741 12946
596.479 12963
596.217 12866
595.955 12931
595.693 12884
595.431 12733
595.169 12989
594.907 12743
594.645 12924
594.383 12752
594.121 12751
593.859 13008
593.597 12819
593.335 12773
593.073 12803
592.811 12820
592.549 12802
592.287 12825
592.025 12738
591.763 12859
591.501 12570
591.239 12573
590.977 12747
590.715 12553
590.453 12549
590.191 12491
589.929 12599
589.667 12454
589.405 12413
589.143 12450
588.881 12343
588.619 12437
588.357 12299
588.095 12496
587.833 12300
587.571 12434
587.309 12491
587.047 12372
586.785 12536
586.523 12515
586.262 12319
586 12363
585.738 12279
585.476 12148
585.214 12383
584.952 11992
584.69 12249
584.428 11917
584.166 11839
583.904 11856
583.642 12063
583.38 11838
583.118 11906
582.856 11788
582.594 11907
582.332 11674
582.07 11776
581.808 11610
581.546 11765
581.284 11696
581.022 11697
580.76 11857
580.498 11794
580.236 11739
579.974 11874
579.712 11948
579.45 11952
579.188 12208
578.926 12162
578.664 12176
578.402 12379
578.14 12495
577.878 12714
577.616 12767
577.354 13127
577.092 13570
576.83 13622
576.568 13848
576.306 14624
576.044 15035
575.782 15179
575.52 15892
575.258 16559
574.996 17187
574.734 17788
574.473 18619
574.211 19334
573.949 20041
573.687 21138
573.425 21538
573.163 22051
572.901 22300
572.639 21642
572.377 21265
572.115 20379
571.853 19345
571.591 17622
571.329 16698
571.067 15758
570.805 14783
570.543 13914
570.281 13747
570.019 12680
569.757 12381
569.495 11989
569.233 11669
568.971 11384
568.709 11264
568.447 11136
568.185 10822
567.923 10826
567.661 10396
567.399 10606
567.137 10298
566.875 10251
566.613 10121
566.351 10303
566.089 10151
565.827 10208
565.565 9898
565.303 10015
565.041 9936
564.779 10133
564.517 9902
564.255 9956
563.993 9651
563.731 9818
563.469 9972
563.207 10029
562.945 9987
562.684 9741
562.422 9823
562.16 9823
561.898 9775
561.636 9817
561.374 9766
561.112 9880
560.85 9785
560.588 9611
560.326 9648
560.064 9883
559.802 9872
559.54 9825
559.278 9886
559.016 9538
558.754 9918
558.492 9589
558.23 9852
557.968 9889
557.706 9724
557.444 9666
557.182 9892
556.92 9666
556.658 9750
556.396 9720
556.134 9813
555.872 9850
555.61 9980
555.348 9754
555.086 9836
554.824 9978
554.562 9871
554.3 9961
554.038 9711
553.776 9917
553.514 9818
553.252 9882
552.99 9815
552.728 9704
552.466 9934
552.204 9859
551.942 9864
551.68 9779
551.418 9858
551.156 9797
550.895 9969
550.633 9749
550.371 9826
550.109 9870
549.847 9892
549.585 9915
549.323 9758
549.061 9789
548.799 9807
548.537 9754
548.275 10044
548.013 9916
547.751 9967
547.489 9926
547.227 9758
546.965 9806
546.703 9788
546.441 9818
546.179 10081
545.917 9703
545.655 9932
545.393 9800
545.131 9752
544.869 9880
544.607 9986
544.345 9842
544.083 9955
543.821 9826
543.559 9878
543.297 9978
543.035 9887
542.773 9807
542.511 9803
542.249 9851
541.987 9893
541.725 9547
541.463 9884
541.201 9794
540.939 9758
540.677 9813
540.415 9876
540.153 9869
539.891 9912
539.629 9922
539.367 9764
539.105 9984
538.844 9773
538.582 9737
538.32 10114
538.058 9824
537.796 9817
537.534 9850
537.272 9697
537.01 9753
536.748 9775
536.486 9900
536.224 9869
535.962 9888
535.7 9990
535.438 10169
535.176 10253
534.914 10171
534.652 10282
534.39 10395
534.128 10602
533.866 10770
533.604 10839
533.342 11074
533.08 11027
532.818 11452
532.556 11605
532.294 11821
532.032 11686
531.77 11753
531.508 11765
531.246 11957
530.984 11823
530.722 12021
530.46 11821
530.198 11528
529.936 11519
529.674 11086
529.412 10793
529.15 10558
528.888 10470
528.626 10117
528.364 9959
528.102 9804
527.84 9879
527.578 9941
527.316 9827
527.055 9718
526.793 9771
526.531 10024
526.269 9775
526.007 9883
525.745 9963
525.483 9795
525.221 9893
524.959 9747
524.697 9700
524.435 9999
524.173 9871
523.911 10000
523.649 10055
523.387 9970
523.125 9965
522.863 9929
522.601 9908
522.339 9844
522.077 9988
521.815 9990
521.553 9843
521.291 9919
521.029 9750
520.767 9804
520.505 10032
520.243 9888
519.981 9866
519.719 10039
519.457 10027
519.195 10060
518.933 10076
518.671 10095
518.409 10037
518.147 10078
517.885 10087
517.623 10112
517.361 10001
517.099 10052
516.837 10061
516.575 10188
516.313 10001
516.051 10125
515.789 10242
515.527 10114
515.266 10147
515.004 10270
514.742 10201
514.48 10088
514.218 10305
513.956 10037
513.694 10021
513.432 10133
513.17 10164
512.908 10297
512.646 10123
512.384 10095
512.122 10195
511.86 10092
511.598 10077
511.336 9992
511.074 10246
510.812 9994
510.55 10151
510.288 10231
510.026 10045
509.764 10046
509.502 10049
509.24 10202
508.978 10186
508.716 10081
508.454 10142
508.192 10111
507.93 10213
507.668 10454
507.406 10255
507.144 10268
506.882 10260
506.62 10312
506.358 10424
506.096 10349
505.834 10251
505.572 10286
505.31 10127
505.048 10243
504.786 10378
504.524 10126
504.262 10441
504 10149
503.738 10203
503.477 10310
503.215 10447
502.953 10244
502.691 10277
502.429 10233
502.167 10403
501.905 10450
501.643 10153
501.381 10474
501.119 10588
500.857 10277
500.595 10315
500.333 10378
500.071 10379
499.809 10264
499.547 10428
499.285 10527
499.023 10419
498.761 10434
498.499 10319
498.237 10509
497.975 10604
497.713 10489
497.451 10486
497.189 10572
496.927 10475
496.665 10488
496.403 10512
496.141 10495
495.879 10361
495.617 10503
495.355 10614
495.093 10442
494.831 10428
494.569 10392
494.307 10481
494.045 10433
493.783 10532
493.521 10492
493.259 10444
492.997 10591
492.735 10672
492.473 10568
492.211 10517
491.949 10461
491.688 10552
491.426 10800
491.164 10534
490.902 10637
490.64 10439
490.378 10705
490.116 10519
489.854 10547
489.592 10630
489.33 10659
489.068 10624
488.806 10513
488.544 10668
488.282 10629
488.02 10543
487.758 10701
487.496 10729
487.234 10420
486.972 10759
486.71 10496
486.448 10748
486.186 10751
485.924 10739
485.662 10706
485.4 10682
485.138 10590
484.876 10714
484.614 10765
484.352 10655
484.09 10747
483.828 10800
483.566 10623
483.304 10875
483.042 10756
482.78 10655
482.518 10903
482.256 10675
481.994 10727
481.732 10566
481.47 10496
481.208 10841
480.946 10892
480.684 10877
480.422 10720
480.16 10923
479.899 10731
479.637 10892
479.375 10805
479.113 10773
478.851 10604
478.589 10765
478.327 10953
478.065 10825
477.803 10743
477.541 10797
477.279 10876
477.017 10932
476.755 11105
476.493 10795
476.231 10786
475.969 10977
475.707 10869
475.445 11048
475.183 10868
474.921 11080
474.659 10817
474.397 11022
474.135 10785
473.873 10956
473.611 10976
473.349 10896
473.087 10908
472.825 11012
472.563 10996
472.301 10753
472.039 10981
471.777 10987
471.515 10823
471.253 10917
470.991 10953
470.729 11109
470.467 10853
470.205 11032
469.943 10948
469.681 10970
469.419 11155
469.157 11097
468.895 10931
468.633 11139
468.371 11097
468.11 11064
467.848 11163
467.586 11186
467.324 11169
467.062 10994
466.8 11161
466.538 11215
466.276 11216
466.014 11283
465.752 11258
465.49 11008
465.228 11315
464.966 11237
464.704 11151
464.442 11214
464.18 11211
463.918 11280
463.656 11089
463.394 11121
463.132 11164
462.87 11103
462.608 11318
462.346 11147
462.084 11074
461.822 11003
461.56 11243
461.298 11223
461.036 11223
460.774 11123
460.512 11052
460.25 11254
459.988 11306
459.726 11380
459.464 11242
459.202 11172
458.94 11258
458.678 11005
458.416 11236
458.154 11272
457.892 11323
457.63 11255
457.368 11128
457.106 11291
456.844 11331
456.582 11236
456.321 11234
456.059 11274
455.797 11298
455.535 11249
455.273 11263
455.011 11183
454.749 11227
454.487 11400
454.225 11383
453.963 11209
453.701 11180
453.439 11269
453.177 11350
452.915 11225
452.653 11387
452.391 11432
452.129 11308
451.867 11269
451.605 11299
451.343 11321
451.081 11574
450.819 11200
450.557 11507
450.295 11406
450.033 11445
449.771 11411
449.509 11537
449.247 11513
448.985 11368
448.723 11247
448.461 11448
448.199 11245
447.937 11274
447.675 11618
447.413 11460
447.151 11384
446.889 11488
446.627 11359
446.365 11436
446.103 11632
445.841 11243
445.579 11453
445.317 11348
445.055 11291
444.793 11534
444.532 11553
444.27 11486
444.008 11414
443.746 11675
443.484 11610
443.222 11623
442.96 11551
442.698 11674
442.436 11548
442.174 11532
441.912 11591
441.65 11793
441.388 11703
441.126 11747
440.864 11692
440.602 11559
440.34 11829
440.078 11521
439.816 11604
439.554 11696
439.292 11486
439.03 11573
438.768 11566
438.506 11438
438.244 11656
437.982 11597
437.72 11403
437.458 11454
437.196 11398
436.934 11504
436.672 11674
436.41 11646
436.148 11473
435.886 11654
435.624 11553
435.362 11709
435.1 11591
434.838 11521
434.576 11611
434.314 11588
434.052 11430
433.79 11563
433.528 11516
433.266 11520
433.004 11734
432.743 11634
432.481 11584
432.219 11572
431.957 11693
431.695 11571
431.433 11619
431.171 11577
430.909 11576
430.647 11774
430.385 11481
430.123 11624
429.861 11659
429.599 11757
429.337 11543
429.075 11760
428.813 11642
428.551 11638
428.289 11607
428.027 11659
427.765 11844
427.503 11616
427.241 11922
426.979 11710
426.717 11493
426.455 11804
426.193 11749
425.931 11635
425.669 11772
425.407 12063
425.145 11935
424.883 11796
424.621 11696
424.359 11911
424.097 11664
423.835 11832
423.573 11694
423.311 11889
423.049 11916
422.787 11914
422.525 11835
422.263 11853
422.001 11802
421.739 11766
421.477 11800
421.215 11837
420.954 11922
420.692 11952
420.43 11858
420.168 11875
419.906 11884
419.644 11954
419.382 11760
419.12 11905
418.858 11964
418.596 11808
418.334 11862
418.072 12028
417.81 11837
417.548 12120
417.286 11996
417.024 12077
416.762 11854
416.5 11856
416.238 11706
415.976 11935
415.714 12100
415.452 12157
415.19 12009
414.928 11976
414.666 12039
414.404 12072
414.142 11896
413.88 12042
413.618 11995
413.356 12204
413.094 11970
412.832 12138
412.57 11998
412.308 12134
412.046 12104
411.784 12113
411.522 12301
411.26 12123
410.998 12123
410.736 12225
410.474 12023
410.212 12119
409.95 12062
409.688 12257
409.426 12126
409.165 12310
408.903 12299
408.641 12275
408.379 12110
408.117 12247
407.855 12259
407.593 12261
407.331 12423
407.069 12247
406.807 12302
406.545 12413
406.283 12339
406.021 12559
405.759 12452
405.497 12379
405.235 12272
404.973 12433
404.711 12460
404.449 12673
404.187 12545
403.925 12442
403.663 12409
403.401 12495
403.139 12663
402.877 12602
402.615 12782
402.353 12818
402.091 12583
401.829 12742
401.567 12801
401.305 12833
401.043 13049
400.781 12933
400.519 13202
400.257 13089
399.995 13201
399.733 13153
399.471 13136
399.209 13288
398.947 13329
398.685 13388
398.423 13193
398.161 13448
397.899 13275
397.637 13377
397.376 13488
397.114 13505
396.852 13286
396.59 13614
396.328 13520
396.066 13429
395.804 13390
395.542 13586
395.28 13438
395.018 13353
394.756 13552
394.494 13786
394.232 13645
393.97 13609
393.708 13464
393.446 13875
393.184 13467
392.922 13615
392.66 13871
392.398 13462
392.136 13571
391.874 13673
391.612 13339
391.35 13413
391.088 13090
390.826 13368
390.564 13262
390.302 13347
390.04 13108
389.778 13173
389.516 12954
389.254 13049
388.992 12744
388.73 12704
388.468 12844
388.206 12675
387.944 12609
387.682 12627
387.42 12538
387.158 12476
386.896 12173
386.634 12301
386.372 12214
386.11 11993
385.848 11970
385.586 11654
385.325 11453
385.063 11523
384.801 11351
384.539 11106
384.277 11147
384.015 11083
383.753 10924
383.491 10789
383.229 10761
382.967 10548
382.705 10641
382.443 10535
382.181 10460
381.919 10340
381.657 10118
381.395 10223
381.133 10139
380.871 9925
380.609 9757
380.347 9757
380.085 9677
379.823 9655
379.561 9561
379.299 9675
379.037 9607
378.775 9919
378.513 9914
378.251 10061
377.989 10346
377.727 10348
377.465 10473
377.203 10846
376.941 11238
376.679 11674
376.417 12609
376.155 13951
375.893 15604
375.631 17647
375.369 20381
375.107 23861
374.845 28691
374.583 34570
374.321 40265
374.059 42368
373.797 39483
373.536 33320
373.274 25044
373.012 18086
372.75 13563
372.488 11329
372.226 9893
371.964 9791
371.702 9467
371.44 9415
371.178 9982
370.916 10058
370.654 10934
370.392 12569
370.13 14287
369.868 16816
369.606 19833
369.344 24131
369.082 29819
368.82 37066
368.558 45862
368.296 53676
368.034 56097
367.772 52193
367.51 41085
367.248 29184
366.986 18684
366.724 11882
366.462 7933
366.2 6139
365.938 4971
365.676 4548
365.414 3995
365.152 3684
364.89 3436
364.628 3404
364.366 3167
364.104 3148
363.842 2883
363.58 2796
363.318 2844
363.056 2832
362.794 2675
362.532 2679
362.27 2587
362.008 2533
361.747 2525
361.485 2487
361.223 2507
360.961 2445
360.699 2440
360.437 2407
360.175 2424
359.913 2488
359.651 2413
359.389 2415
359.127 2385
358.865 2450
358.603 2427
358.341 2558
358.079 2477
357.817 2376
357.555 2477
357.293 2461
357.031 2365
356.769 2480
356.507 2427
356.245 2422
355.983 2450
355.721 2445
355.459 2415
355.197 2351
354.935 2557
354.673 2471
354.411 2518
354.149 2507
353.887 2455
353.625 2494
353.363 2514
353.101 2510
352.839 2559
352.577 2438
352.315 2485
352.053 2495
351.791 2452
351.529 2410
351.267 2463
351.005 2483
350.743 2483
350.481 2546
350.219 2507
349.958 2481
349.696 2467
349.434 2465
349.172 2539
348.91 2449
348.648 2521
348.386 2607
348.124 2524
347.862 2561
347.6 2409
347.338 2604
347.076 2524
346.814 2525
346.552 2510
346.29 2499
346.028 2476
345.766 2471
345.504 2571
345.242 2485
344.98 2631
344.718 2462
344.456 2475
344.194 2447
343.932 2521
343.67 2516
343.408 2480
343.146 2582
342.884 2470
342.622 2572
342.36 2510
342.098 2559
341.836 2578
341.574 2506
341.312 2435
341.05 2526
340.788 2386
340.526 2541
340.264 2597
340.002 2536
339.74 2492
339.478 2563
339.216 2415
338.954 2539
338.692 2536
338.43 2515
338.169 2498
337.907 2496
337.645 2560
337.383 2464
337.121 2445
336.859 2488
336.597 2422
336.335 2441
336.073 2482
335.811 2486
335.549 2647
335.287 2569
335.025 2512
334.763 2536
334.501 2589
334.239 2589
333.977 2574
333.715 2544
333.453 2585
333.191 2620
332.929 2572
332.667 2556
332.405 2594
332.143 2661
331.881 2512
331.619 2542
331.357 2539
331.095 2608
330.833 2516
330.571 2638
330.309 2608
330.047 2634
329.785 2592
329.523 2539
329.261 2526
328.999 2579
328.737 2552
328.475 2577
328.213 2601
327.951 2607
327.689 2584
327.427 2544
327.165 2441
326.903 2570
326.641 2575
326.38 2588
326.118 2647
325.856 2583
325.594 2539
325.332 2501
325.07 2487
324.808 2491
324.546 2591
324.284 2599
324.022 2601
323.76 2500
323.498 2557
323.236 2559
322.974 2522
322.712 2658
322.45 2567
322.188 2622
321.926 2689
321.664 2655
321.402 2491
321.14 2588
320.878 2500
320.616 2588
320.354 2636
320.092 2716
319.83 2591
319.568 2557
319.306 2662
319.044 2659
318.782 2593
318.52 2680
318.258 2687
317.996 2731
317.734 2782
317.472 2753
317.21 2659
316.948 2691
316.686 2720
316.424 2707
316.162 2689
315.9 2730
315.638 2777
315.376 2717
315.114 2750
314.852 2758
314.591 2778
314.329 2751
314.067 2724
313.805 2743
313.543 2742
313.281 2700
313.019 2682
312.757 2676
312.495 2606
312.233 2742
311.971 2680
311.709 2666
311.447 2712
311.185 2728
310.923 2672
310.661 2747
310.399 2635
310.137 2683
309.875 2761
309.613 2708
309.351 2637
309.089 2738
308.827 2771
308.565 2744
308.303 2717
308.041 2763
307.779 2782
307.517 2655
307.255 2713
306.993 2754
306.731 2792
306.469 2622
306.207 2728
305.945 2696
305.683 2719
305.421 2807
305.159 2728
304.897 2697
304.635 2725
304.373 2748
304.111 2679
303.849 2727
303.587 2713
303.325 2768
303.063 2749
302.802 2650
302.54 2776
302.278 2718
302.016 2675
301.754 2720
301.492 2700
301.23 2674
300.968 2689
300.706 2663
300.444 2721
300.182 2679
299.92 2604
299.658 2727
299.396 2569
299.134 2678
298.872 2719
298.61 2716
298.348 2655
298.086 2628
297.824 2628
297.562 2755
297.3 2634
297.038 2606
296.776 2619
296.514 2647
296.252 2583
295.99 2671
295.728 2663
295.466 2543
295.204 2539
294.942 2583
294.68 2615
294.418 2573
294.156 2595
293.894 2509
293.632 2573
293.37 2626
293.108 2598
292.846 2649
292.584 2603
292.322 2578
292.06 2498
291.798 2514
291.536 2592
291.274 2590
291.013 2576
290.751 2699
290.489 2648
290.227 2666
289.965 2704
289.703 2773
289.441 2849
289.179 2861
288.917 2878
288.655 3046
288.393 3072
288.131 3016
287.869 3267
287.607 3406
287.345 3575
287.083 3626
286.821 3810
286.559 4014
286.297 4108
286.035 4467
285.773 4749
285.511 5111
285.249 5670
284.987 6330
284.725 6821
284.463 7126
284.201 6993
283.939 6626
283.677 5883
283.415 4898
283.153 4092
282.891 3358
282.629 2919
282.367 2708
282.105 2623
281.843 2556
281.581 2610
281.319 2558
281.057 2479
280.795 2535
280.533 2456
280.271 2610
280.009 2464
279.747 2510
279.485 2432
279.224 2458
278.962 2487
278.7 2429
278.438 2475
278.176 2429
277.914 2366
277.652 2566
277.39 2534
277.128 2437
276.866 2409
276.604 2414
276.342 2445
276.08 2444
275.818 2448
275.556 2455
275.294 2430
275.032 2438
274.77 2509
274.508 2406
274.246 2585
273.984 2477
273.722 2483
273.46 2515
273.198 2555
272.936 2506
272.674 2498
272.412 2510
272.15 2574
271.888 2464
271.626 2490
271.364 2556
271.102 2523
270.84 2612
270.578 2586
270.316 2545
270.054 2651
269.792 2715
269.53 2584
269.268 2737
269.006 2698
268.744 2700
268.482 2591
268.22 2665
267.958 2704
267.696 2570
267.435 2570
267.173 2526
266.911 2658
266.649 2529
266.387 2641
266.125 2573
265.863 2552
265.601 2518
265.339 2580
265.077 2583
264.815 2504
264.553 2505
264.291 2514
264.029 2508
263.767 2507
263.505 2496
263.243 2547
262.981 2618
262.719 2540
262.457 2477
262.195 2465
261.933 2540
261.671 2447
261.409 2506
261.147 2508
260.885 2478
260.623 2510
260.361 2560
260.099 2469
259.837 2495
259.575 2464
259.313 2614
259.051 2599
258.789 2627
258.527 2585
258.265 2511
258.003 2537
257.741 2537
257.479 2548
257.217 2580
256.955 2607
256.693 2560
256.431 2630
256.169 2546
255.907 2553
255.646 2639
255.384 2491
255.122 2501
254.86 2557
254.598 2528
254.336 2554
254.074 2561
253.812 2516
253.55 2615
253.288 2646
253.026 2603
252.764 2564
252.502 2580
252.24 2584
251.978 2643
251.716 2570
251.454 2648
251.192 2572
250.93 2593
250.668 2589
250.406 2544
250.144 2646
249.882 2479
249.62 2604
249.358 2617
249.096 2680
248.834 2692
248.572 2603
248.31 2579
248.048 2560
247.786 2709
247.524 2643
247.262 2669
247 2606
246.738 2594
246.476 2608
246.214 2662
245.952 2578
245.69 2562
245.428 2520
245.166 2651
244.904 2724
244.642 2673
244.38 2600
244.118 2575
243.857 2598
243.595 2595
243.333 2645
243.071 2651
242.809 2646
242.547 2636
242.285 2633
242.023 2597
241.761 2646
241.499 2660
241.237 2666
240.975 2640
240.713 2604
240.451 2674
240.189 2588
239.927 2694
239.665 2538
239.403 2626
239.141 2598
238.879 2652
238.617 2626
238.355 2660
238.093 2648
237.831 2637
237.569 2676
237.307 2555
237.045 2667
236.783 2583
236.521 2723
236.259 2614
235.997 2621
235.735 2704
235.473 2744
235.211 2646
234.949 2638
234.687 2741
234.425 2679
234.163 2714
233.901 2677
233.639 2760
233.377 2638
233.115 2689
232.853 2871
232.591 2804
232.329 2655
232.068 2706
231.806 2787
231.544 2715
231.282 2747
231.02 2709
230.758 2768
230.496 2812
230.234 2727
229.972 2779
229.71 2716
229.448 2739
229.186 2792
228.924 2723
228.662 2829
228.4 2816
228.138 2736
227.876 2727
227.614 2850
227.352 2885
227.09 2860
226.828 2955
226.566 2969
226.304 2960
226.042 3007
225.78 3007
225.518 2948
225.256 3077
224.994 2954
224.732 3024
224.47 2961
224.208 2865
223.946 2837
223.684 2716
223.422 2749
223.16 2847
222.898 2668
222.636 2677
222.374 2725
222.112 2767
221.85 2682
221.588 2632
221.326 2726
221.064 2741
220.802 2779
220.54 2644
220.278 2689
220.017 2656
219.755 2713
219.493 2740
219.231 2758
218.969 2615
218.707 2816
218.445 2780
218.183 2729
217.921 2781
217.659 2758
217.397 2738
217.135 2774
216.873 2714
216.611 2679
216.349 2739
216.087 2731
215.825 2693
215.563 2777
215.301 2751
215.039 2769
214.777 2675
214.515 2773
214.253 2728
213.991 2753
213.729 2754
213.467 2777
213.205 2728
212.943 2766
212.681 2805
212.419 2766
212.157 2768
211.895 2682
211.633 2713
211.371 2785
211.109 2762
210.847 2810
210.585 2751
210.323 2823
210.061 2835
209.799 2684
209.537 2750
209.275 2812
209.013 2759
208.751 2777
208.489 2844
208.228 2711
207.966 2761
207.704 2810
207.442 2816
207.18 2859
206.918 2786
206.656 2776
206.394 2898
206.132 2724
205.87 2726
205.608 2849
205.346 2723
205.084 2727
204.822 2732
204.56 2771
204.298 2835
204.036 2777
203.774 2774
203.512 2808
203.25 2854
202.988 2858
202.726 2784
202.464 2800
202.202 2824
201.94 2803
201.678 2777
201.416 2866
201.154 2792
200.892 2922
200.63 2934
200.368 2922
200.106 3021
199.844 3035
199.582 3115
199.32 3047
199.058 3142
198.796 3132
198.534 3112
198.272 3068
198.01 3147
197.748 3170
197.486 3104
197.224 3115
196.962 3075
196.7 2930
196.439 2927
196.177 2962
195.915 2771
195.653 2779
195.391 2827
195.129 2923
194.867 2839
194.605 2891
194.343 2835
194.081 2863
193.819 2857
193.557 2770
193.295 2869
193.033 2887
192.771 2909
192.509 2843
192.247 2785
191.985 2888
191.723 2856
191.461 2856
191.199 2989
190.937 2898
190.675 2891
190.413 2886
190.151 3034
189.889 2927
189.627 2895
189.365 2892
189.103 2895
188.841 2831
188.579 2918
188.317 2846
188.055 3003
187.793 2942
187.531 2916
187.269 2962
187.007 2971
186.745 3014
186.483 2839
186.221 2872
185.959 2983
185.697 2886
185.435 2971
185.173 2931
184.911 2915
184.65 2887
184.388 3035
184.126 2986
183.864 2828
183.602 2984
183.34 2925
183.078 2992
182.816 2919
182.554 2987
182.292 2995
182.03 3013
181.768 3070
181.506 3035
181.244 3011
180.982 2987
180.72 3013
180.458 2972
180.196 2955
179.934 2935
179.672 2974
179.41 2895
179.148 2986
178.886 2964
178.624 2882
178.362 3000
178.1 3014
177.838 2937
177.576 3026
177.314 3032
177.052 2906
176.79 3071
176.528 2994
176.266 3063
176.004 2960
175.742 3000
175.48 2929
175.218 3029
174.956 3081
174.694 2952
174.432 2956
174.17 3040
173.908 2949
173.646 3038
173.384 2988
173.122 3003
172.861 2995
172.599 3068
172.337 3017
172.075 3073
171.813 2920
171.551 3058
171.289 2986
171.027 3079
170.765 2949
170.503 2919
170.241 3038
169.979 2904
169.717 3009
169.455 3048
169.193 2996
168.931 2944
168.669 3034
168.407 3020
168.145 2936
167.883 3014
167.621 3041
167.359 3100
167.097 3104
166.835 3099
166.573 3134
166.311 3183
166.049 3073
165.787 3256
165.525 3333
165.263 3384
165.001 3532
164.739 3625
164.477 3746
164.215 3661
163.953 3705
163.691 3609
163.429 3471
163.167 3472
162.905 3525
162.643 3438
162.381 3576
162.119 3493
161.857 3588
161.595 3548
161.333 3553
161.072 3620
160.81 3535
160.548 3418
160.286 3437
160.024 3342
159.762 3537
159.5 3570
159.238 3811
158.976 3934
158.714 3772
158.452 3678
158.19 3554
157.928 3266
157.666 3170
157.404 3181
157.142 3034
156.88 2997
156.618 2995
156.356 2957
156.094 2953
155.832 2958
155.57 2915
155.308 3001
155.046 2947
154.784 2931
154.522 2983
154.26 2998
153.998 3013
153.736 2977
153.474 3062
153.212 3065
152.95 3053
152.688 2961
152.426 2937
152.164 2947
151.902 2952
151.64 2892
151.378 2854
151.116 2978
150.854 2910
150.592 2849
150.33 2818
150.068 2978
149.806 2854
149.544 2800
149.283 2943
149.021 2861
148.759 2948
148.497 2844
148.235 2898
147.973 2848
147.711 3067
147.449 2857
147.187 2914
146.925 2940
146.663 2977
146.401 2880
146.139 2945
145.877 2924
145.615 2902
145.353 3021
145.091 2962
144.829 2867
144.567 2921
144.305 2857
144.043 2938
143.781 2938
143.519 2915
143.257 2999
142.995 3011
142.733 3004
142.471 2880
142.209 2979
141.947 2968
141.685 2964
141.423 2989
141.161 2934
140.899 2942
140.637 2913
140.375 2923
140.113 2900
139.851 2972
139.589 2953
139.327 3068
139.065 3048
138.803 2959
138.541 3044
138.279 2993
138.017 3065
137.755 3069
137.494 3048
137.232 2930
136.97 2895
136.708 3024
136.446 3005
136.184 3008
135.922 2989
135.66 3033
135.398 2944
135.136 2988
134.874 2976
134.612 3056
134.35 3104
134.088 3024
133.826 3047
133.564 3068
133.302 3039
133.04 3032
132.778 3064
132.516 2933
132.254 3081
131.992 2957
131.73 3078
131.468 3117
131.206 3103
130.944 2947
130.682 3094
130.42 3068
130.158 3059
129.896 3025
129.634 3033
129.372 3015
129.11 3067
128.848 3014
128.586 3002
128.324 3022
128.062 3094
127.8 3134
127.538 3136
127.276 2959
127.014 3040
126.752 3118
126.49 3028
126.228 3063
125.966 3079
125.705 3026
125.443 3147
125.181 3011
124.919 3118
124.657 3048
124.395 3195
124.133 3085
123.871 3092
123.609 3036
123.347 3123
123.085 3151
122.823 3205
122.561 3125
122.299 3157
122.037 3140
121.775 3126
121.513 3075
121.251 3129
120.989 3190
120.727 3100
120.465 3198
120.203 3201
119.941 3011
119.679 3064
119.417 3080
119.155 3151
118.893 3092
118.631 3125
118.369 3150
118.107 3092
117.845 3093
117.583 3137
117.321 3179
117.059 3155
116.797 3078
116.535 3076
116.273 3084
116.011 3154
115.749 3180
115.487 3150
115.225 3159
114.963 3103
114.701 3083
114.439 3052
114.177 3086
113.916 3153
113.654 3101
113.392 3082
113.13 3196
112.868 3104
112.606 2955
112.344 3226
112.082 3182
111.82 3112
111.558 3007
111.296 3004
111.034 3067
110.772 3167
110.51 3115
110.248 3215
109.986 3145
109.724 3109
109.462 3081
109.2 3131
108.938 3075
108.676 3125
108.414 3160
108.152 3122
107.89 3101
107.628 3175
107.366 3144
107.104 3166
106.842 3171
106.58 3059
106.318 3139
106.056 3199
105.794 3216
105.532 3215
105.27 3145
105.008 3131
104.746 3268
104.484 3241
104.222 3212
103.96 3280
103.698 3289
103.436 3450
103.174 3319
102.912 3253
102.65 3244
102.388 3422
102.127 3430
101.865 3390
101.603 3424
101.341 3432
101.079 3478
100.817 3534
100.555 3535
100.293 3548
100.031 3626
99.7687 3597
99.5067 3579
99.2447 3755
98.9828 3694
98.7208 3707
98.4588 3899
98.1968 3799
97.9349 3984
97.6729 3920
97.4109 3843
97.1489 3980
96.8869 4002
96.625 3807
96.363 3915
96.101 3834
95.839 3743
95.5771 3673
95.3151 3693
95.0531 3563
94.7911 3519
94.5291 3417
94.2672 3357
94.0052 3271
93.7432 3357
93.4812 3281
93.2193 3138
92.9573 3191
92.6953 3198
92.4333 3157
92.1713 3164
91.9094 3169
91.6474 3089
91.3854 3043
91.1234 3062
90.8615 3097
90.5995 3052
90.3375 3061
90.0755 3115
89.8135 3082
89.5516 3040
89.2896 2939
89.0276 3051
88.7656 3095
88.5037 3051
88.2417 3054
87.9797 2990
87.7177 3010
87.4557 2983
87.1938 3070
86.9318 3091
86.6698 2952
86.4078 3127
86.1459 3048
85.8839 3083
85.6219 2987
85.3599 2998
85.0979 2993
84.836 3017
84.574 3118
84.312 3093
84.05 2928
83.7881 3002
83.5261 3096
83.2641 3008
83.0021 3081
82.7401 3038
82.4782 3072
82.2162 2969
81.9542 2992
81.6922 3078
81.4303 3034
81.1683 3029
80.9063 3013
80.6443 3075
80.3823 3013
80.1204 3043
79.8584 2969
79.5964 3022
79.3344 3018
79.0725 2929
78.8105 3010
78.5485 2994
78.2865 2928
78.0245 3087
77.7626 3022
77.5006 2976
77.2386 3081
76.9766 3165
76.7147 3004
76.4527 3088
76.1907 3088
75.9287 3133
75.6667 3076
75.4048 3107
75.1428 3067
74.8808 3079
74.6188 2956
74.3569 3202
74.0949 3088
73.8329 3028
73.5709 3136
73.3089 3131
73.047 3101
72.785 3043
72.523 3013
72.261 3112
71.9991 3072
71.7371 3100
71.4751 3060
71.2131 3106
70.9511 3095
70.6892 3120
70.4272 3049
70.1652 3121
69.9032 3077
69.6413 3042
69.3793 3025
69.1173 3013
68.8553 3061
68.5933 3087
68.3314 3141
68.0694 3136
67.8074 3254
67.5454 3136
67.2835 3118
67.0215 3336
66.7595 3302
66.4975 3354
66.2355 3394
65.9736 3511
65.7116 3351
65.4496 3553
65.1876 3599
64.9257 3691
64.6637 3660
64.4017 3809
64.1397 3611
63.8777 3671
63.6158 3701
63.3538 3725
63.0918 3638
62.8298 3742
62.5679 3832
62.3059 3750
62.0439 3802
61.7819 3825
61.5199 3857
61.258 3860
60.996 3839
60.734 3881
60.472 3953
60.2101 3860
59.9481 3968
59.6861 4082
59.4241 4004
59.1621 4024
58.9002 3938
58.6382 4042
58.3762 4034
58.1142 4041
57.8523 3941
57.5903 3903
57.3283 3886
57.0663 3790
56.8043 3627
56.5424 3655
56.2804 3457
56.0184 3493
55.7564 3387
55.4945 3174
55.2325 3091
54.9705 3014
54.7085 3047
54.4465 2787
54.1846 2741
53.9226 2607
53.6606 2590
53.3986 2470
53.1367 2440
52.8747 2357
52.6127 2336
52.3507 2329
52.0887 2243
51.8268 2165
51.5648 2159
51.3028 2126
51.0408 2096
50.7789 2082
50.5169 2009
50.2549 1969
49.9929 1997
49.7309 1938
49.469 1985
49.207 1920
48.945 1917
48.683 1899
48.4211 1833
48.1591 1769
47.8971 1808
47.6351 1764
47.3731 1685
47.1112 1685
46.8492 1657
46.5872 1673
46.3252 1642
46.0633 1671
45.8013 1730
45.5393 1626
45.2773 1644
45.0153 1712
44.7534 1633
44.4914 1681
44.2294 1732
43.9674 1622
43.7055 1738
43.4435 1646
43.1815 1690
42.9195 1692
42.6575 1667
42.3956 1651
42.1336 1627
41.8716 1625
41.6096 1618
41.3477 1624
41.0857 1530
40.8237 1547
40.5617 1621
40.2997 1545
40.0378 1561
39.7758 1575
39.5138 1614
39.2518 1530
38.9899 1448
38.7279 1529
38.4659 1567
38.2039 1624
37.9419 1545
37.68 1604
37.418 1562
37.156 1567
36.894 1555
36.6321 1645
36.3701 1611
36.1081 1587
35.8461 1604
35.5841 1588
35.3222 1652
35.0602 1546
34.7982 1665
34.5362 1683
34.2743 1685
34.0123 1602
33.7503 1636
33.4883 1591
33.2263 1603
32.9644 1633
32.7024 1685
32.4404 1638
32.1784 1628
31.9165 1718
31.6545 1696
31.3925 1714
31.1305 1668
30.8685 1731
30.6066 1740
30.3446 1748
30.0826 1776
29.8206 1773
29.5586 1796
29.2967 1778
29.0347 1777
28.7727 1779
28.5107 1838
28.2488 1827
27.9868 1752
27.7248 1797
27.4628 1720
27.2008 1803
26.9389 1723
26.6769 1767
26.4149 1904
26.1529 1866
25.891 1794
25.629 1843
25.367 1835
25.105 1709
24.843 1724
24.5811 1703
24.3191 1741
24.0571 1652
23.7951 1743
23.5332 1671
23.2712 1603
23.0092 1558
22.7472 1621
22.4852 1608
22.2233 1560
21.9613 1560
21.6993 1552
21.4373 1487
21.1754 1566
20.9134 1512
20.6514 1441
20.3894 1429
20.1274 1521
19.8655 1469
19.6035 1457
19.3415 1421
19.0795 1480
18.8176 1413
18.5556 1394
18.2936 1388
18.0316 1413
17.7696 1402
17.5077 1360
17.2457 1441
16.9837 1311
16.7217 1385
16.4598 1393
16.1978 1436
15.9358 1298
15.6738 1384
15.4118 1338
15.1499 1374
14.8879 1279
14.6259 1286
14.3639 1272
14.102 1257
13.84 1284
13.578 1275
13.316 1214
13.054 1299
12.7921 1203
12.5301 1270
12.2681 1254
12.0061 1249
11.7442 1208
11.4822 1213
11.2202 1237
10.9582 1309
10.6962 1275
10.4343 1290
10.1723 1384
9.91031 1367
9.64834 1518
9.38636 1488
9.12438 1721
8.8624 1880
8.60042 2060
8.33845 2385
8.07647 2778
7.81449 3313
7.55251 3920
7.29054 4719
7.02856 5341
6.76658 6136
6.5046 6566
6.24262 6964
5.98065 7112
5.71867 7227
5.45669 7268
5.19471 7439
4.93274 7235
4.67076 6625
4.40878 5984
4.1468 5072
3.88482 3842
3.62285 2877
3.36087 2170
3.09889 1629
2.83691 1226
2.57494 1071
2.31296 963
2.05098 829
1.789 798
1.52702 677
1.26505 662
1.00307 540
0.74109 504
0.479113 489
0.217135 414
-0.044843 372
-0.306821 284
-0.568799 254
-0.830776 238
-1.09275 245
-1.35473 219
-1.61671 211
-1.87869 195
-2.14067 205
-2.40264 200
-2.66462 181
-2.9266 211
-3.18858 180
-3.45055 204
-3.71253 184
-3.97451 172
-4.23649 192
-4.49847 166
-4.76044 179
-5.02242 176
-5.2844 186
-5.54638 182
-5.80835 187
-6.07033 186
-6.33231 192
-6.59429 179
-6.85627 203
-7.11824 211
-7.38022 181
-7.6422 197
-7.90418 182
-8.16616 185
-8.42813 199
-8.69011 191
-8.95209 197
-9.21407 193
-9.47604 162
-9.73802 204
-10 208
