278.1 29338 29986.1 29986.1 29986.1 29986.1 29986.1 29986.1 29986.1
278.199 29575.5 29986.1 29986.1 29986.1 29986.1 29986.1 29986.1 -
278.299 29670.8 29986.1 29986.1 29986.1 29986.1 29986.1 29986.1 -
278.398 29521.9 29986.1 29986.1 29986.1 29986.1 29986.1 29986.1 -
278.497 29460.5 29986.1 29986.1 29986.1 29986.1 29986.1 29986.1 -
278.597 29739 29986.1 29986.1 29986.1 29986.1 29986.1 29986.1 -
278.696 29520.8 29986.1 29986.1 29986.1 29986.1 29986.1 29986.1 -
278.796 29543.6 29986.1 29986.1 29986.1 29986.1 29986.1 29986.1 -
278.895 29641.9 29986.1 29986.1 29986.1 29986.1 29986.1 29986.1 -
278.994 29807.4 29986.1 29986.1 29986.1 29986.1 29986.1 29986.1 -
279.094 29681.1 29986.1 29986.1 29986.1 29986.1 29986.1 29986.1 -
279.193 29710.2 29986.1 29986.1 29986.1 29986.1 29986.1 29986.1 -
279.292 29664 29986.1 29986.1 29986.1 29986.1 29986.1 29986.1 -
279.392 29771.2 29986.1 29986.1 29986.1 29986.1 29986.1 29986.1 -
279.491 29580.2 29986.1 29986.1 29986.1 29986.1 29986.1 29986.1 -
279.591 29735 29986.1 29986.1 29986.1 29986.1 29986.1 29986.1 -
279.69 29906.9 29986.1 29986.1 29986.1 29986.1 29986.1 29986.1 -
279.789 29420.8 29986.1 29986.1 29986.1 29986.1 29986.1 29986.1 -
279.889 29822.5 29986.1 29986.1 29986.1 29986.1 29986.1 29986.1 -
279.988 29643.1 29986.1 29986.1 29986.1 29986.1 29986.1 29986.1 -
280.087 29659.1 29986.1 29986.1 29986.1 29986.1 29986.1 29986.1 -
280.187 29654.7 29986.1 29986.1 29986.1 29986.1 29986.1 29986.1 -
280.286 29929.9 29986.2 29986.2 29986.1 29986.1 29986.1 29986.1 -
280.386 29801 29986.3 29986.3 29986.1 29986.1 29986.1 29986.1 -
280.485 29774.5 29986.5 29986.5 29986.1 29986.1 29986.1 29986.1 -
280.584 29833.2 29986.9 29986.9 29986.1 29986.1 29986.1 29986.1 -
280.684 29892.6 29987.5 29987.5 29986.1 29986.1 29986.1 29986.1 -
280.783 29908.7 29988.6 29988.6 29986.1 29986.1 29986.1 29986.1 -
280.882 29962 29990.5 29990.5 29986.1 29986.1 29986.1 29986.1 -
280.982 30344.7 29993.7 29993.7 29986.1 29986.1 29986.1 29986.1 -
281.081 30223.1 29998.9 29998.9 29986.1 29986.1 29986.1 29986.1 -
281.181 30422.7 30007.4 30007.4 29986.2 29986.1 29986.1 29986.1 -
281.28 30331.6 30021 30020.9 29986.2 29986.1 29986.1 29986.1 -
281.379 30257.5 30042.1 30042 29986.3 29986.2 29986.2 29986.2 -
281.479 30450.4 30074.7 30074.4 29986.5 29986.2 29986.2 29986.2 -
281.578 30307.3 30123.9 30123.5 29986.8 29986.3 29986.3 29986.3 -
281.677 30570.5 30197 30196.2 29987.3 29986.5 29986.5 29986.5 -
281.777 30922.1 30303.5 30302.2 29988 29986.7 29986.7 29986.7 -
281.876 30932.1 30456 30454 29989.1 29987.1 29987.1 29987.1 -
281.976 31183.3 30670.5 30667.3 29990.8 29987.6 29987.6 29987.6 -
282.075 31520 30966.9 30961.8 29993.5 29988.4 29988.4 29988.4 -
282.174 32020.2 31368.7 31360.8 29997.4 29989.5 29989.5 29989.5 -
282.274 32471.5 31903.6 31891.5 30003.2 29991.1 29991.1 29991.1 -
282.373 33207.7 32602.4 32584 30011.6 29993.2 29993.2 29993.2 -
282.472 33979.6 33498.2 33470.6 30023.8 29996.2 29996.2 29996.2 -
282.572 34973.5 34624.6 34583.7 30041 30000.1 30000.1 30000.1 -
282.671 36191.9 36013.5 35953.7 30065.2 30005.4 30005.4 30005.4 -
282.771 37292.8 37692.2 37605.8 30098.6 30012.2 30012.2 30012.2 -
282.87 39323.5 39680.4 39557.1 30144.2 30020.9 30020.9 30020.9 -
282.969 41641.3 41986.4 41812.6 30205.7 30031.8 30031.8 30031.8 -
283.069 44348.3 44604 44362 30287.4 30045.4 30045.4 30045.4 -
283.168 47178.4 47509.8 47176.8 30394.9 30061.9 30061.9 30061.9 -
283.267 50455.1 50661.1 50208.6 30534.1 30081.6 30081.6 30081.6 -
283.367 53975.1 53996 53388.7 30712.2 30104.9 30105 30104.9 -
283.466 57490.3 57434.2 56629 30937.2 30132 30132 30132 -
283.566 60850.2 60880 59825.5 31217.4 30162.9 30163 30162.9 -
283.665 63922.4 64227.5 62863.2 31561.8 30197.7 30197.8 30197.7 -
283.764 67626.3 67366.3 65623 31979.4 30236.3 30236.4 30236.3 -
283.864 70812 70189.2 67988.6 32478.7 30278.3 30278.6 30278.3 -
283.963 72743.6 72599.5 69855.5 33067.1 30323.5 30323.9 30323.5 -
284.062 74489.9 74518 71138.3 33750.5 30371.4 30372 30371.4 -
284.162 75833.7 75889 71777 34532.4 30421.4 30422.4 30421.4 -
284.261 76735.1 76684.6 71742.6 35413.4 30472.9 30474.3 30472.9 -
284.361 77025 76905.6 71038.5 36390.1 30525.3 30527.4 30525.2 -
284.46 76739.6 76581.3 69700.8 37455 30577.9 30581 30577.8 -
284.559 75440 75765.9 67795.1 38595.8 30630.1 30634.6 30629.9 -
284.659 74345.5 74533 65411.4 39795.3 30681.4 30687.8 30681 -
284.758 72872.5 72969 62657.3 41031.7 30731.5 30740.5 30730.7 -
284.857 71016.9 71165.5 59649.7 42278.7 30780.2 30792.5 30778.5 -
284.957 69200.1 69212.3 56507.3 43506.5 30827.4 30843.9 30824.3 -
285.056 67158.5 67190.8 53342.6 44682.8 30873.5 30895.2 30867.7 -
285.156 65000.8 65169.5 50256 45774.3 30919.1 30946.7 30908.9 -
285.255 63423.9 63200.9 47331.1 46748.1 30965.4 30999.4 30947.7 -
285.354 61633.5 61320.9 44632 47573.5 31014 31054.1 30984.2 -
285.454 59565.7 59549.5 42202.4 48223.5 31067.3 31112 31018.6 -
285.553 57882.5 57893.3 40066.3 48676.6 31128.5 31174.6 31050.9 -
285.652 56242.8 56349.1 38230.4 48917.7 31201.5 31243.4 31081.3 -
285.752 54699.6 54907.6 36686.7 48939.2 31291.3 31320.1 31109.9 -
285.851 53695.6 53557 35416.3 48741.6 31403.1 31406.6 31136.9 -
285.951 52402.9 52286.4 34392.7 48333.1 31542.5 31504.9 31162.3 -
286.05 50945.5 51087.4 33585.1 47729.4 31714.7 31616.8 31186.2 -
286.149 49912.3 49955.6 32961.1 46952.8 31923.4 31744.5 31208.7 -
286.249 48859.9 48890.1 32489.2 46030.6 32170.5 31889.7 31230 -
286.348 48001.8 47892.4 32140.1 44993.9 32454.4 32054 31250 -
286.447 47048.5 46965.2 31887.8 43875.7 32769.7 32238.5 31268.8 -
286.547 45945.4 46110.2 31710 42709.4 33106.5 32444.2 31286.6 -
286.646 45383.1 45326.8 31588.3 41527 33450.7 32671 31303.4 -
286.746 44784.9 44611 31507.9 40357.9 33784.7 32918.4 31319.3 -
286.845 43938.9 43955.6 31457.1 39227.8 34088.8 33184.9 31334.3 -
286.944 43536.4 43350.6 31427.3 38157.9 34343.2 33468.1 31348.6 -
287.044 42846.2 42784.6 31411.8 37164.5 34530.1 33764.8 31362.2 -
287.143 41991.6 42246.4 31405.9 36259.1 34636.2 34070.7 31375.2 -
287.242 41741.2 41726.5 31406.2 35448.2 34654 34380.5 31387.5 -
287.342 41235.5 41218.7 31410.4 34734.3 34583.2 34688.4 31399.2 -
287.441 40535.1 40720 31416.9 34116 34430.3 34987.7 31410.3 -
287.541 40267.7 40231.2 31424.7 33589.1 34208.1 35271.8 31420.8 -
287.64 39702.8 39755.4 31433 33147.2 33934.1 35533.5 31430.8 -
287.739 39256.7 39297.2 31441.5 32782.4 33627.9 35766.2 31440.3 -
287.839 38914.7 38861.3 31449.8 32485.8 33309.5 35963.6 31449.2 -
287.938 38538.5 38451 31457.9 32248.5 32997 36120.3 31457.5 -
288.037 38219.2 38067.7 31465.7 32061.5 32705.1 36231.8 31465.5 -
288.137 37780 37710.2 31473.1 31916.7 32444.2 36295 31472.9 -
288.236 37241.9 37375.2 31480.1 31806.3 32220.6 36308.3 31480 -
288.336 37044.7 37058 31486.7 31723.7 32036.1 36271.5 31486.7 -
288.435 36623.8 36752.7 31493 31663.1 31889.7 36185.9 31493 -
288.534 36586.8 36453.7 31499 31619.5 31777.6 36054.4 31499 -
288.634 36175.1 36156 31504.6 31589 31695.1 35881.1 31504.6 -
288.733 35520.8 35856.3 31509.8 31568.2 31636.5 35671.3 31509.8 -
288.832 35154 35552.8 31514.8 31554.6 31596.8 35430.9 31514.8 -
288.932 35239.3 35245.3 31519.3 31546.2 31571 35166.7 31519.3 -
289.031 34729.9 34935.3 31523.6 31541.5 31555.2 34885.7 31523.6 -
289.131 34406.9 34625.5 31527.4 31539.2 31546.3 34594.8 31527.4 -
289.23 34394.8 34319.2 31530.9 31538.6 31541.9 34300.6 31530.9 -
289.329 34121.1 34020.3 31534.1 31539 31540.3 34009.1 31534.1 -
289.429 33886.2 33732.5 31536.9 31540 31540.3 33726 31536.9 -
289.528 33333.6 33459.4 31539.4 31541.4 31541.2 33455.6 31539.4 -
289.627 33412.5 33203.8 31541.6 31542.8 31542.5 33201.7 31541.6 -
289.727 33230.9 32968.1 31543.4 31544.2 31543.9 32966.9 31543.4 -
289.826 33028.5 32753.7 31545.1 31545.5 31545.3 32753 31545.1 -
289.926 33214.6 32561.3 31546.4 31546.7 31546.5 32561 31546.4 -
290.025 32903 32391.1 31547.6 31547.7 31547.6 32390.9 31547.6 -
290.124 32607.8 32242.5 31548.5 31548.6 31548.6 32242.3 31548.5 -
290.224 32506.8 32114.3 31549.3 31549.4 31549.3 32114.2 31549.3 -
290.323 32604.6 32005.2 31550 31550 31550 32005.2 31550 -
290.422 32269.5 31913.6 31550.5 31550.5 31550.5 31913.6 31550.5 -
290.522 32202.7 31837.5 31550.9 31550.9 31550.9 31837.5 31550.9 -
290.621 32109.3 31775.1 31551.2 31551.2 31551.2 31775.1 31551.2 -
290.721 32121.1 31724.6 31551.5 31551.5 31551.5 31724.6 31551.5 -
290.82 32088.2 31684.2 31551.7 31551.7 31551.7 31684.2 31551.7 -
290.919 32045.9 31652.2 31551.8 31551.8 31551.8 31652.2 31551.8 -
291.019 32115.2 31627.1 31551.9 31551.9 31551.9 31627.1 31551.9 -
291.118 31864.2 31607.8 31552 31552 31552 31607.8 31552 -
291.217 31723.2 31593 31552.1 31552.1 31552.1 31593 31552.1 -
291.317 31670.1 31581.9 31552.1 31552.1 31552.1 31581.9 31552.1 -
291.416 31465.4 31573.6 31552.2 31552.2 31552.2 31573.6 31552.2 -
291.516 31546.6 31567.4 31552.2 31552.2 31552.2 31567.4 31552.2 -
291.615 31504.8 31562.9 31552.2 31552.2 31552.2 31562.9 31552.2 -
291.714 31363.7 31559.7 31552.2 31552.2 31552.2 31559.7 31552.2 -
291.814 31300.8 31557.4 31552.2 31552.2 31552.2 31557.4 31552.2 -
291.913 31232.6 31555.8 31552.2 31552.2 31552.2 31555.8 31552.2 -
292.012 31128.6 31554.6 31552.2 31552.2 31552.2 31554.6 31552.2 -
292.112 31426.8 31553.8 31552.2 31552.2 31552.2 31553.8 31552.2 -
292.211 31027.7 31553.3 31552.2 31552.2 31552.2 31553.3 31552.2 -
292.311 31179.8 31552.9 31552.2 31552.2 31552.2 31552.9 31552.2 -
292.41 31276.3 31552.7 31552.2 31552.2 31552.2 31552.7 31552.2 -
292.509 31183.6 31552.5 31552.2 31552.2 31552.2 31552.5 31552.2 -
292.609 31219.7 31552.4 31552.2 31552.2 31552.2 31552.4 31552.2 -
292.708 31214.8 31552.3 31552.2 31552.2 31552.2 31552.3 31552.2 -
292.807 30952.2 31552.3 31552.2 31552.2 31552.2 31552.3 31552.2 -
292.907 30964.4 31552.3 31552.2 31552.2 31552.2 31552.3 31552.2 -
293.006 31084.1 31552.3 31552.2 31552.2 31552.2 31552.3 31552.2 -
293.106 30989.5 31552.3 31552.2 31552.2 31552.2 31552.3 31552.2 -
293.205 31130.7 31552.2 31552.2 31552.2 31552.2 31552.2 31552.2 -
293.304 31086.3 31552.2 31552.2 31552.2 31552.2 31552.2 31552.2 -
293.404 31107.3 31552.2 31552.2 31552.2 31552.2 31552.2 31552.2 -
293.503 31436.2 31552.2 31552.2 31552.2 31552.2 31552.2 31552.2 -
293.602 31073.3 31552.2 31552.2 31552.2 31552.2 31552.2 31552.2 -
293.702 31126.3 31552.2 31552.2 31552.2 31552.2 31552.2 31552.2 -
293.801 31292.4 31552.2 31552.2 31552.2 31552.2 31552.2 31552.2 -
293.901 30853.2 31552.2 31552.2 31552.2 31552.2 31552.2 31552.2 -
294 31038 31552.2 31552.2 31552.2 31552.2 31552.2 31552.2 31552.2
