170 22047 21810.1 21786.9 21149.9 21126.7 21810.1
169.9 21925 21829.1 21805.3 21148.3 21124.5 -
169.8 21870 21849.1 21824.8 21146.6 21122.2 -
169.7 22102 21870.1 21845.2 21144.9 21119.9 -
169.6 21955 21892.3 21866.8 21143.1 21117.5 -
169.5 21981 21915.7 21889.5 21141.2 21115.1 -
169.4 21939 21940.4 21913.6 21139.4 21112.5 -
169.3 22088 21966.5 21939 21137.4 21109.9 -
169.2 22002 21994.1 21965.8 21135.4 21107.1 -
169.1 21912 22023.3 21994.3 21133.3 21104.3 -
169 22357 22054.3 22024.5 21131.2 21101.4 -
168.9 22015 22087.2 22056.6 21128.9 21098.4 -
168.8 22063 22122.1 22090.7 21126.6 21095.2 -
168.7 22003 22159.3 22127 21124.2 21091.9 -
168.6 21875 22198.9 22165.7 21121.8 21088.5 -
168.5 22074 22241.3 22207.1 21119.2 21085 -
168.4 22517 22286.5 22251.3 21116.5 21081.3 -
168.3 21835 22335 22298.7 21113.7 21077.5 -
168.2 21943 22387.1 22349.7 21110.8 21073.5 -
168.1 22019 22443.1 22404.6 21107.8 21069.3 -
168 22018 22503.7 22464 21104.7 21064.9 -
167.9 22469 22569.5 22528.4 21101.4 21060.3 -
167.8 22336 22641 22598.6 21097.9 21055.5 -
167.7 22257 22719.4 22675.5 21094.3 21050.5 -
167.6 22818 22805.6 22760.3 21090.5 21045.1 -
167.5 22654 22901.3 22854.4 21086.5 21039.5 -
167.4 23119 23008.1 22959.5 21082.2 21033.6 -
167.3 22898 23128.2 23077.9 21077.7 21027.3 -
167.2 23087 23264.5 23212.3 21072.9 21020.6 -
167.1 23100 23420.3 23366.1 21067.7 21013.5 -
167 23425 23599.8 23543.4 21062.2 21005.8 -
166.9 23837 23807.7 23749.1 21056.1 20997.5 -
166.8 24307 24049.9 23988.9 21049.6 20988.6 -
166.7 24597 24333 24269.5 21042.4 20978.8 -
166.6 25104 24664.7 24598.4 21034.4 20968.2 -
166.5 25209 25053.3 24984.1 21025.6 20956.4 -
166.4 26067 25507.8 25435.5 21015.7 20943.3 -
166.3 26190 26037.8 25962.1 21004.5 20928.8 -
166.2 26915 26652.8 26573.5 20991.8 20912.5 -
166.1 27521 27362.2 27279 20977.4 20894.2 -
166 28410 28174.5 28087 20961 20873.6 -
165.9 29252 29096.7 29004.7 20942.3 20850.3 -
165.8 30233 30133.9 30037 20921 20824.1 -
165.7 31303 31288.4 31186.1 20896.7 20794.4 -
165.6 32707 32558.8 32450.6 20869.1 20761 -
165.5 33845 33939.2 33824.6 20838 20723.4 -
165.4 35235 35418.1 35296.5 20802.9 20681.3 -
165.3 37021 36977.1 36847.7 20763.7 20634.3 -
165.2 38706 38588.8 38450.8 20720.3 20582.3 -
165.1 39935 40215.8 40068.3 20672.5 20524.9 -
165 41743 41808.6 41650.1 20620.6 20462.2 -
164.9 43482 43304.8 43133.9 20565 20394.2 -
164.8 44546 44631.2 44445.8 20506.6 20321.2 -
164.7 45680 45708.6 45505.8 20446.6 20243.7 -
164.6 45808 46461.5 46237.1 20387 20162.6 -
164.5 46805 46830.7 46578.9 20330.6 20078.8 -
164.4 46391 46786.1 46498.4 20281.4 19993.6 -
164.3 46671 46334.9 45998.9 20244.2 19908.2 -
164.2 45716 45520.4 45118.9 20225.6 19824 -
164.1 44476 44415 43923.8 20233.3 19742.2 -
164 43114 43106.2 42493.2 20276.5 19663.6 -
163.9 41807 41684.8 40908.1 20365.6 19588.9 -
163.8 40394 40235.1 39242.2 20511.3 19518.5 -
163.7 39090 38829.1 37557.4 20724.2 19452.5 -
163.6 36989 37524.3 35902.1 21012.9 19390.7 -
163.5 36317 36362.5 34312.9 21382.6 19333 -
163.4 35228 35370 32815.5 21833.2 19278.7 -
163.3 34265 34557.4 31427.3 22357.5 19227.4 -
163.2 34202 33920 30158.8 22939.8 19178.6 -
163.1 33628 33438 29014.8 23554.9 19131.6 -
163 33237 33077.5 27995.9 24167.7 19086.1 -
162.9 32935 32791.2 27099.2 24733.5 19041.5 -
162.8 32754 32522 26319.6 25200 18997.7 -
162.7 32155 32209.1 25650.1 25513.5 18954.6 -
162.6 31905 31800 25082.8 25629.5 18912.4 -
162.5 31096 31274.7 24609.4 25536.6 18871.3 -
162.4 30476 30652.9 24221.5 25263.2 18831.8 -
162.3 29580 29954.7 23911.4 24837.4 18794.1 -
162.2 29179 29212.4 23672.1 24298.9 18758.6 -
162.1 28058 28462.6 23497.4 23690.5 18725.3 -
162 27658 27740.6 23382.9 23051.9 18694.2 -
161.9 26925 27076.6 23325.3 22416.8 18665.4 -
161.8 26343 26495.8 23323 21811.4 18638.6 -
161.7 26097 26017.5 23376.2 21254.9 18613.6 -
161.6 25505 25656.3 23487 20759.3 18590 -
161.5 25639 25422 23659.2 20330.3 18567.5 -
161.4 25762 25321.2 23898.4 19968.4 18545.7 -
161.3 25460 25357.9 24212.1 19669.9 18524.1 -
161.2 25914 25534.9 24609 19428.1 18502.3 -
161.1 26325 25854.8 25099.6 19235.1 18479.9 -
161 26622 26320.5 25694.9 19081.9 18456.4 -
160.9 27289 26935.6 26406.7 18960.2 18431.3 -
160.8 27969 27704.5 27246.6 18862.2 18404.3 -
160.7 28814 28631.8 28225.2 18781.2 18374.6 -
160.6 29782 29721.8 29352 18711.8 18341.9 -
160.5 30721 30977.3 30633.4 18649.6 18305.7 -
160.4 32624 32398.8 32072.9 18591.2 18265.3 -
160.3 33854 33982.9 33669.2 18534 18220.3 -
160.2 35409 35721.1 35415.1 18476.1 18170.1 -
160.1 37331 37598.3 37296.4 18416.1 18114.2 -
160 39211 39590.7 39289.9 18352.9 18052.1 -
159.9 41348 41663.6 41361.2 18285.8 17983.5 -
159.8 43594 43769.1 43462.6 18214.6 17908 -
159.7 46036 45844 45530.5 18139.1 17825.6 -
159.6 48189 47808.1 47484.6 18059.9 17736.4 -
159.5 49459 49565.9 49228.6 17977.9 17640.6 -
159.4 51206 51012.5 50656.5 17894.8 17538.8 -
159.3 52022 52045.4 51664.2 17813.4 17432.2 -
159.2 52641 52580.9 52165.1 17737.7 17321.9 -
159.1 52331 52571.3 52107.9 17673 17209.6 -
159 51851 52017.5 51487.7 17626.7 17096.9 -
158.9 50738 50970 50347.8 17607.9 16985.7 -
158.8 49692 49520.4 48769.8 17628 16877.4 -
158.7 47677 47784.1 46857.2 17700.3 16773.4 -
158.6 46182 45883.4 44718.4 17839.6 16674.6 -
158.5 43522 43933.5 42453.6 18061.4 16581.6 -
158.4 42018 42033.8 40147.9 18380.3 16494.4 -
158.3 40064 40263.9 37868.7 18808.2 16413 -
158.2 39082 38681.3 35667 19351.5 16337.1 -
158.1 37247 37321.9 33579 20008.7 16265.9 -
158 36002 36198.9 31629.5 20768.2 16198.8 -
157.9 35043 35303.9 29833.3 21605.6 16135.1 -
157.8 34681 34607.1 28197.8 22483.3 16074 -
157.7 33912 34058.4 26724 23349.4 16015 -
157.6 33838 33589.6 25408.6 24138.5 15957.5 -
157.5 33239 33118.6 24244.3 24775.7 15901.3 -
157.4 32583 32560.3 23221.5 25185.2 15846.4 -
157.3 32075 31843.6 22329 25307.8 15793.2 -
157.2 31075 30951.7 21554.6 25139.2 15742.1 -
157.1 30060 29912.1 20885.9 24719.8 15693.6 -
157 29064 28754.1 20310.3 24092 15648.3 -
156.9 27698 27523.2 19816 23313.7 15606.5 -
156.8 26685 26268.5 19391.8 22445.3 15568.6 -
156.7 24787 25035.2 19027.4 21542.3 15534.5 -
156.6 24075 23860.4 18713.7 20651 15504.2 -
156.5 23086 22772.1 18442.6 19807.2 15477.6 -
156.4 21490 21789.3 18207.2 19036.5 15454.4 -
156.3 20939 20922.2 18001.5 18354.9 15434.2 -
156.2 20060 20173.3 17820.6 17769.4 15416.7 -
156.1 19368 19538.5 17660.3 17279.8 15401.5 -
156 18684 19009.2 17517.2 16880.3 15388.4 -
155.9 18337 18573.4 17388.6 16561.6 15376.8 -
155.8 17875 18217.6 17272.1 16312.1 15366.6 -
155.7 17636 17928.1 17165.9 16119.8 15357.6 -
155.6 17524 17692.3 17068.7 15973 15349.4 -
155.5 17340 17498.8 16979.1 15861.6 15341.9 -
155.4 16996 17338 16896.3 15776.8 15335 -
155.3 16937 17202.4 16819.4 15711.7 15328.7 -
155.2 17016 17085.9 16747.7 15660.9 15322.7 -
155.1 16885 16984.1 16680.9 15620.3 15317.1 -
155 16780 16893.6 16618.3 15587 15311.8 -
154.9 16488 16812 16559.6 15559.1 15306.7 -
154.8 16667 16737.6 16504.5 15535 15301.9 -
154.7 16648 16669.1 16452.7 15513.8 15297.3 -
154.6 16861 16605.8 16403.8 15494.9 15293 -
154.5 16668 16546.8 16357.7 15477.8 15288.8 -
154.4 16673 16491.6 16314.2 15462.2 15284.8 -
154.3 16356 16440 16273 15447.9 15280.9 -
154.2 16687 16391.5 16234 15434.7 15277.2 -
154.1 16783 16345.8 16197.1 15422.4 15273.7 -
154 16301 16302.7 16162 15411 15270.3 -
153.9 16700 16262.1 16128.8 15400.3 15267 -
153.8 16121 16223.7 16097.1 15390.4 15263.8 -
153.7 16625 16187.3 16067 15381.1 15260.8 -
153.6 16370 16152.8 16038.3 15372.3 15257.8 -
153.5 16333 16120.1 16011 15364.1 15255 -
153.4 16413 16089 15984.9 15356.3 15252.2 -
153.3 16468 16059.5 15960 15349 15249.5 -
153.2 16289 16031.3 15936.2 15342.1 15247 -
153.1 16078 16004.5 15913.5 15335.5 15244.5 -
153 16340 15978.9 15891.7 15329.3 15242 -
152.9 16204 15954.5 15870.9 15323.4 15239.7 -
152.8 16373 15931.2 15850.9 15317.7 15237.4 -
152.7 16114 15908.9 15831.7 15312.4 15235.2 -
152.6 16096 15887.6 15813.3 15307.3 15233.1 -
152.5 15890 15867.1 15795.7 15302.4 15231 -
152.4 15795 15847.6 15778.7 15297.8 15228.9 -
152.3 15807 15828.8 15762.4 15293.3 15227 -
152.2 15776 15810.8 15746.7 15289.1 15225.1 -
152.1 15679 15793.4 15731.7 15285 15223.2 -
152 15747 15776.8 15717.1 15281.1 15221.4 -
151.9 15816 15760.8 15703.1 15277.3 15219.6 -
151.8 15517 15745.4 15689.6 15273.7 15217.9 -
151.7 15577 15730.6 15676.6 15270.2 15216.2 -
151.6 15466 15716.3 15664 15266.9 15214.6 -
151.5 15573 15702.6 15651.9 15263.6 15213 -
151.4 15607 15689.3 15640.2 15260.5 15211.4 -
151.3 15459 15676.5 15628.9 15257.5 15209.9 -
151.2 15436 15664.1 15617.9 15254.6 15208.4 -
151.1 15514 15652.2 15607.3 15251.8 15206.9 -
151 15457 15640.7 15597.1 15249.1 15205.5 -
150.9 15388 15629.5 15587.2 15246.5 15204.1 -
150.8 15159 15618.8 15577.6 15244 15202.8 -
150.7 15382 15608.3 15568.3 15241.5 15201.5 -
150.6 15568 15598.2 15559.3 15239.1 15200.2 -
150.5 15306 15588.4 15550.5 15236.8 15198.9 -
150.4 15406 15579 15542 15234.6 15197.7 -
150.3 15118 15569.8 15533.8 15232.4 15196.4 -
150.2 15347 15560.9 15525.8 15230.3 15195.2 -
150.1 15346 15552.3 15518.1 15228.3 15194.1 -
150 15159 15543.9 15510.6 15226.3 15192.9 15543.9
