82 14286 14379.1 14379.1 14327.1 14379.1
81.9 14520 14380.3 14380.3 14326.9 -
81.8 14407 14381.5 14381.5 14326.8 -
81.7 14387 14382.7 14382.7 14326.6 -
81.6 14266 14384 14384 14326.4 -
81.5 14262 14385.3 14385.3 14326.2 -
81.4 14358 14386.7 14386.7 14326 -
81.3 14320 14388.1 14388.1 14325.8 -
81.2 14234 14389.7 14389.7 14325.6 -
81.1 14311 14391.2 14391.2 14325.4 -
81 14276 14392.9 14392.9 14325.2 -
80.9 14375 14394.6 14394.6 14324.9 -
80.8 14210 14396.5 14396.5 14324.7 -
80.7 14427 14398.4 14398.4 14324.5 -
80.6 14399 14400.4 14400.4 14324.2 -
80.5 14335 14402.5 14402.5 14324 -
80.4 14472 14404.7 14404.7 14323.7 -
80.3 14198 14407 14407 14323.5 -
80.2 14280 14409.4 14409.4 14323.2 -
80.1 14426 14412 14412 14322.9 -
80 14235 14414.7 14414.7 14322.6 -
79.9 14344 14417.6 14417.6 14322.3 -
79.8 14348 14420.6 14420.6 14322 -
79.7 14148 14423.8 14423.8 14321.7 -
79.6 14341 14427.2 14427.2 14321.3 -
79.5 14460 14430.7 14430.7 14321 -
79.4 14253 14434.5 14434.5 14320.6 -
79.3 14284 14438.6 14438.6 14320.3 -
79.2 14534 14442.9 14442.9 14319.9 -
79.1 14135 14447.4 14447.4 14319.5 -
79 14190 14452.3 14452.3 14319 -
78.9 14380 14457.5 14457.5 14318.6 -
78.8 14125 14463.1 14463.1 14318.1 -
78.7 14374 14469 14469 14317.7 -
78.6 14246 14475.4 14475.4 14317.2 -
78.5 14363 14482.3 14482.3 14316.6 -
78.4 14415 14489.7 14489.7 14316.1 -
78.3 14409 14497.8 14497.8 14315.5 -
78.2 14179 14506.5 14506.5 14314.9 -
78.1 14325 14516.1 14516.1 14314.3 -
78 14143 14526.6 14526.6 14313.6 -
77.9 14255 14538.2 14538.2 14312.9 -
77.8 14446 14551.2 14551.2 14312.2 -
77.7 14449 14565.9 14565.9 14311.4 -
77.6 14393 14582.7 14582.7 14310.6 -
77.5 14564 14602.2 14602.2 14309.7 -
77.4 14366 14624.9 14624.9 14308.7 -
77.3 14454 14651.8 14651.8 14307.7 -
77.2 14691 14683.8 14683.8 14306.5 -
77.1 14638 14722.5 14722.5 14305.3 -
77 14636 14769.1 14769.1 14303.9 -
76.9 14938 14825.6 14825.6 14302.4 -
76.8 14894 14894 14894 14300.7 -
76.7 14912 14976.5 14976.5 14298.7 -
76.6 15223 15075.4 15075.4 14296.5 -
76.5 15057 15193 15193 14293.9 -
76.4 15385 15331.5 15331.5 14291 -
76.3 15453 15492.8 15492.8 14287.5 -
76.2 15805 15678.1 15678.1 14283.6 -
76.1 15866 15888.2 15888.2 14279 -
76 16111 16122.7 16122.7 14273.7 -
75.9 16577 16380.1 16380.1 14267.6 -
75.8 16636 16657.6 16657.6 14260.6 -
75.7 17045 16950.5 16950.5 14252.8 -
75.6 17327 17252.5 17252.5 14243.9 -
75.5 17756 17554.8 17554.8 14234 -
75.4 17658 17846.5 17846.5 14223 -
75.3 18191 18114.1 18114.1 14211.1 -
75.2 18555 18342.2 18342.2 14198.3 -
75.1 18498 18515.1 18515.1 14184.6 -
75 18650 18618.7 18618.7 14170.4 -
74.9 18693 18643.5 18643.5 14155.7 -
74.8 18648 18577.2 18577.2 14141 -
74.7 18410 18420.8 18420.8 14126.4 -
74.6 18267 18190.7 18190.7 14112.2 -
74.5 17718 17907.6 17907.6 14098.8 -
74.4 17506 17593.1 17593.1 14086.3 -
74.3 17411 17266.2 17266.2 14074.7 -
74.2 17150 16943 16943 14064.2 -
74.1 16857 16635.9 16635.9 14054.7 -
74 16274 16354.4 16354.4 14046.3 -
73.9 15909 16105.3 16105.3 14038.7 -
73.8 16067 15893.4 15893.4 14031.9 -
73.7 15688 15722 15722 14025.7 -
73.6 15501 15593 15593 14020.1 -
73.5 15888 15507.2 15507.2 14015 -
73.4 15431 15465 15465 14010.1 -
73.3 15420 15466.4 15466.4 14005.3 -
73.2 15853 15511 15511 14000.5 -
73.1 15700 15598.5 15598.5 13995.5 -
73 15771 15728 15728 13990.2 -
72.9 15724 15898.7 15898.7 13984.5 -
72.8 16062 16109 16109 13978.2 -
72.7 16449 16356.7 16356.7 13971.2 -
72.6 16456 16638.6 16638.6 13963.3 -
72.5 16924 16949.8 16949.8 13954.5 -
72.4 17210 17284.2 17284.2 13944.7 -
72.3 17538 17633.3 17633.3 13933.7 -
72.2 17950 17986.1 17986.1 13921.5 -
72.1 18187 18329 18329 13908.1 -
72 18848 18645.3 18645.3 13893.6 -
71.9 19116 18916 18916 13877.9 -
71.8 19251 19121.3 19121.3 13861.3 -
71.7 19558 19243.1 19243.1 13844 -
71.6 19345 19268.8 19268.8 13826.3 -
71.5 19194 19183.7 19183.7 13808.3 -
71.4 19279 18984.7 18984.7 13790.6 -
71.3 18719 18690.5 18690.5 13773.6 -
71.2 18382 18325.8 18325.8 13757.4 -
71.1 18099 17916.8 17916.8 13742.3 -
71 17578 17487.2 17487.2 13728.6 -
70.9 17056 17056.3 17056.3 13716.2 -
70.8 16763 16639.1 16639.1 13705.2 -
70.7 16008 16246.5 16246.5 13695.6 -
70.6 15363 15886 15886 13687.2 -
70.5 14923 15561.8 15561.8 13679.9 -
70.4 14763 15275.8 15275.8 13673.7 -
70.3 14444 15028.1 15028.1 13668.5 -
70.2 14331 14816.8 14816.8 13664 -
70.1 14097 14639.1 14639.1 13660.2 -
70 13882 14491.7 14491.7 13657 -
69.9 13659 14370.5 14370.5 13654.2 -
69.8 13431 14271.6 14271.6 13651.9 -
69.7 13398 14191.2 14191.2 13649.8 -
69.6 13565 14126 14126 13648.1 -
69.5 13409 14072.9 14072.9 13646.5 -
69.4 13222 14029.4 14029.4 13645.1 -
69.3 13301 13993.4 13993.4 13643.8 -
69.2 13188 13963.3 13963.3 13642.7 -
69.1 13196 13937.7 13937.7 13641.6 -
69 13107 13915.7 13915.7 13640.6 -
68.9 13219 13896.4 13896.4 13639.7 -
68.8 13619 13879.4 13879.4 13638.9 -
68.7 13559 13864.1 13864.1 13638.1 -
68.6 13132 13850.4 13850.4 13637.3 -
68.5 13433 13837.9 13837.9 13636.6 -
68.4 13270 13826.5 13826.5 13636 -
68.3 13646 13816 13816 13635.4 -
68.2 13490 13806.3 13806.3 13634.8 -
68.1 13506 13797.4 13797.4 13634.2 -
68 13387 13789 13789 13633.7 -
67.9 13378 13781.3 13781.3 13633.2 -
67.8 13560 13774.1 13774.1 13632.7 -
67.7 13526 13767.4 13767.4 13632.2 -
67.6 13566 13761.1 13761.1 13631.8 -
67.5 13657 13755.2 13755.2 13631.3 -
67.4 13912 13749.7 13749.7 13630.9 -
67.3 13750 13744.5 13744.5 13630.5 -
67.2 13888 13739.6 13739.6 13630.2 -
67.1 13888 13735 13735 13629.8 -
67 13896 13730.7 13730.7 13629.4 -
66.9 14000 13726.6 13726.6 13629.1 -
66.8 14065 13722.7 13722.7 13628.8 -
66.7 14187 13719 13719 13628.5 -
66.6 14107 13715.5 13715.5 13628.2 -
66.5 14316 13712.2 13712.2 13627.9 -
66.4 14010 13709.1 13709.1 13627.6 -
66.3 14233 13706.1 13706.1 13627.4 -
66.2 14342 13703.3 13703.3 13627.1 -
66.1 14319 13700.6 13700.6 13626.8 -
66 14555 13698 13698 13626.6 -
65.9 14152 13695.6 13695.6 13626.4 -
65.8 14580 13693.2 13693.2 13626.1 -
65.7 14396 13691 13691 13625.9 -
65.6 14516 13688.9 13688.9 13625.7 -
65.5 14657 13686.8 13686.8 13625.5 -
65.4 14639 13684.8 13684.8 13625.3 -
65.3 14856 13683 13683 13625.1 -
65.2 14692 13681.2 13681.2 13624.9 -
65.1 14871 13679.4 13679.4 13624.7 -
65 14745 13677.8 13677.8 13624.5 13677.8
