382 20175 19525.1 19525.1 18795.3 19525.1
381.9 20516 19538 19538 18792.4 -
381.8 20654 19551.4 19551.4 18789.4 -
381.7 20374 19565.3 19565.3 18786.4 -
381.6 20391 19579.7 19579.7 18783.3 -
381.5 20018 19594.6 19594.6 18780.1 -
381.4 20294 19610.2 19610.2 18776.8 -
381.3 19874 19626.4 19626.4 18773.5 -
381.2 20206 19643.2 19643.2 18770.1 -
381.1 20288 19660.7 19660.7 18766.6 -
381 20010 19678.9 19678.9 18763 -
380.9 20169 19697.9 19697.9 18759.4 -
380.8 19815 19717.7 19717.7 18755.6 -
380.7 19899 19738.4 19738.4 18751.8 -
380.6 19749 19759.9 19759.9 18747.9 -
380.5 19667 19782.4 19782.4 18743.8 -
380.4 19623 19806 19806 18739.7 -
380.3 19750 19830.6 19830.6 18735.4 -
380.2 19522 19856.3 19856.3 18731 -
380.1 19481 19883.2 19883.2 18726.5 -
380 19681 19911.4 19911.4 18721.9 -
379.9 19720 19941 19941 18717.2 -
379.8 19362 19972.1 19972.1 18712.3 -
379.7 19685 20004.7 20004.7 18707.3 -
379.6 19668 20038.9 20038.9 18702.1 -
379.5 19665 20074.9 20074.9 18696.7 -
379.4 19838 20112.8 20112.8 18691.2 -
379.3 19517 20152.8 20152.8 18685.6 -
379.2 19583 20194.9 20194.9 18679.7 -
379.1 19892 20239.4 20239.4 18673.7 -
379 19660 20286.3 20286.3 18667.4 -
378.9 19742 20336 20336 18661 -
378.8 19877 20388.6 20388.6 18654.3 -
378.7 19935 20444.3 20444.3 18647.3 -
378.6 20011 20503.4 20503.4 18640.2 -
378.5 20167 20566.2 20566.2 18632.7 -
378.4 20119 20633 20633 18625 -
378.3 20449 20704.2 20704.2 18617 -
378.2 20702 20780.2 20780.2 18608.7 -
378.1 20571 20861.4 20861.4 18600 -
378 20688 20948.5 20948.5 18591 -
377.9 20836 21042 21042 18581.5 -
377.8 21137 21142.7 21142.7 18571.7 -
377.7 20938 21251.5 21251.5 18561.5 -
377.6 21060 21369.5 21369.5 18550.7 -
377.5 21380 21498.1 21498.1 18539.5 -
377.4 21574 21639 21639 18527.7 -
377.3 21725 21794.3 21794.3 18515.2 -
377.2 21561 21966.4 21966.4 18502.1 -
377.1 21957 22158.6 22158.6 18488.3 -
377 22473 22374.8 22374.8 18473.7 -
376.9 22755 22619.8 22619.8 18458.1 -
376.8 23269 22899.3 22899.3 18441.5 -
376.7 23348 23220.3 23220.3 18423.7 -
376.6 23816 23590.9 23590.9 18404.5 -
376.5 24593 24020.9 24020.9 18383.8 -
376.4 25284 24521 24521 18361.3 -
376.3 25861 25103.6 25103.6 18336.7 -
376.2 26940 25782.3 25782.3 18309.7 -
376.1 27644 26571.6 26571.6 18279.9 -
376 28934 27486.8 27486.8 18246.8 -
375.9 29429 28543.2 28543.2 18209.9 -
375.8 30918 29755.8 29755.8 18168.6 -
375.7 32103 31138.5 31138.5 18122.4 -
375.6 33358 32703.1 32703.1 18070.4 -
375.5 34809 34458.3 34458.3 18012 -
375.4 36819 36409.1 36409.1 17946.3 -
375.3 38298 38554.9 38554.9 17872.6 -
375.2 40053 40888.8 40888.8 17790 -
375.1 42698 43395.7 43395.7 17697.8 -
375 44851 46050.8 46050.8 17595.2 -
374.9 47647 48816.7 48816.7 17481.6 -
374.8 49979 51641.6 51641.6 17356.5 -
374.7 53137 54456 54456 17219.7 -
374.6 56971 57170.9 57170.9 17071 -
374.5 59503 59677.9 59677.9 16910.9 -
374.4 62145 61852.9 61852.9 16740.2 -
374.3 64056 63565.8 63565.8 16560.1 -
374.2 65430 64695.8 64695.8 16372.4 -
374.1 65719 65151.4 65151.4 16179.5 -
374 65467 64747.8 64747.8 15984 -
373.9 63441 63058.1 63058.1 15789.3 -
373.8 60858 60264 60264 15600.6 -
373.7 57451 56694.1 56694.1 15422.3 -
373.6 53091 52691.2 52691.2 15257.5 -
373.5 49237 48549 48549 15108 -
373.4 45103 44489.4 44489.4 14974.5 -
373.3 40576 40664.5 40664.5 14856.7 -
373.2 36607 37169.9 37169.9 14753.7 -
373.1 33178 34057.6 34057.6 14664.2 -
373 30012 31346.9 31346.9 14586.8 -
372.9 27511 29033.3 29033.3 14519.8 -
372.8 25657 27094.7 27094.7 14461.9 -
372.7 24015 25497.7 25497.7 14411.5 -
372.6 23094 24202.3 24202.3 14367.2 -
372.5 22030 23165.9 23165.9 14327.9 -
372.4 21266 22346.9 22346.9 14292.7 -
372.3 21035 21706.9 21706.9 14260.5 -
372.2 20170 21212.3 21212.3 14230.8 -
372.1 20044 20834.7 20834.7 14202.9 -
372 19613 20550.9 20550.9 14176.4 -
371.9 19916 20343.1 20343.1 14151 -
371.8 19766 20197.7 20197.7 14126.3 -
371.7 20059 20104.9 20104.9 14102 -
371.6 19708 20058 20058 14078.1 -
371.5 19584 20052.8 20052.8 14054.2 -
371.4 19925 20087.4 20087.4 14030.2 -
371.3 20077 20161.3 20161.3 14006 -
371.2 20166 20276 20276 13981.5 -
371.1 20599 20434.4 20434.4 13956.3 -
371 20445 20641 20641 13930.5 -
370.9 21063 20901.9 20901.9 13903.7 -
370.8 21662 21225 21225 13875.8 -
370.7 22021 21620.4 21620.4 13846.4 -
370.6 22756 22099.9 22099.9 13815.4 -
370.5 23470 22677.8 22677.8 13782.3 -
370.4 24846 23370.4 23370.4 13746.8 -
370.3 25809 24196 24196 13708.4 -
370.2 27148 25175 25175 13666.5 -
370.1 28365 26329 26329 13620.6 -
370 29713 27680.8 27680.8 13569.8 -
369.9 31145 29252.9 29252.9 13513.5 -
369.8 32655 31067.4 31067.4 13450.6 -
369.7 34688 33143.9 33143.9 13380.3 -
369.6 36506 35499 35499 13301.4 -
369.5 38899 38144.3 38144.3 13212.8 -
369.4 41166 41085 41085 13113.3 -
369.3 43521 44318 44318 13001.6 -
369.2 46918 47829.8 47829.8 12876.6 -
369.1 50039 51594.1 51594.1 12737 -
369 53012 55569.1 55569.1 12581.9 -
368.9 57729 59693.5 59693.5 12410.3 -
368.8 61377 63882.9 63882.9 12221.5 -
368.7 66086 68025.6 68025.6 12015.2 -
368.6 70697 71980.4 71980.4 11791.6 -
368.5 74501 75577.4 75577.4 11551.3 -
368.4 78242 78626 78626 11295.7 -
368.3 81157 80931.4 80931.4 11026.9 -
368.2 82865 82320.1 82320.1 10747.8 -
368.1 82623 82669.4 82669.4 10462.1 -
368 81098 81534.5 81534.5 10173.8 -
367.9 78523 78469.5 78469.5 9888.94 -
367.8 75001 73855.7 73855.7 9615.14 -
367.7 70333 68204 68204 9358.67 -
367.6 64582 62017.2 62017.2 9123.74 -
367.5 57980 55711.1 55711.1 8912.58 -
367.4 51536 49591.3 49591.3 8725.74 -
367.3 45398 43863.2 43863.2 8562.59 -
367.2 39407 38651.9 38651.9 8421.66 -
367.1 34126 34021.5 34021.5 8300.97 -
367 29643 29990.9 29990.9 8198.29 -
366.9 25790 26545.3 26545.3 8111.28 -
366.8 22896 23646.1 23646.1 8037.69 -
366.7 20238 21239.4 21239.4 7975.38 -
366.6 18389 19262.8 19262.8 7922.42 -
366.5 16698 17651.7 17651.7 7877.15 -
366.4 15525 16343.9 16343.9 7838.12 -
366.3 14587 15282.3 15282.3 7804.17 -
366.2 13749 14417.3 14417.3 7774.31 -
366.1 13165 13706.9 13706.9 7747.79 -
366 12339 13117.4 13117.4 7724 -
365.9 11912 12621.7 12621.7 7702.47 -
365.8 11775 12199.3 12199.3 7682.83 -
365.7 11241 11834.3 11834.3 7664.8 -
365.6 11024 11515.1 11515.1 7648.15 -
365.5 10871 11232.7 11232.7 7632.71 -
365.4 10449 10980.6 10980.6 7618.34 -
365.3 10637 10753.8 10753.8 7604.92 -
365.2 10099 10548.5 10548.5 7592.35 -
365.1 10139 10361.8 10361.8 7580.55 -
365 10056 10191.3 10191.3 7569.44 -
364.9 9916 10035.1 10035.1 7558.97 -
364.8 9814 9891.45 9891.45 7549.09 -
364.7 9499 9759.09 9759.09 7539.74 -
364.6 9671 9636.81 9636.81 7530.88 -
364.5 9412 9523.6 9523.6 7522.47 -
364.4 9533 9418.57 9418.57 7514.48 -
364.3 9459 9320.95 9320.95 7506.88 -
364.2 9445 9230.03 9230.03 7499.64 -
364.1 9137 9145.23 9145.23 7492.73 -
364 9254 9065.98 9065.98 7486.13 -
363.9 9207 8991.81 8991.81 7479.82 -
363.8 8976 8922.29 8922.29 7473.79 -
363.7 9149 8857.02 8857.02 7468 -
363.6 8898 8795.67 8795.67 7462.46 -
363.5 8953 8737.91 8737.91 7457.14 -
363.4 8781 8683.47 8683.47 7452.02 -
363.3 8736 8632.1 8632.1 7447.11 -
363.2 8816 8583.55 8583.55 7442.38 -
363.1 8935 8537.63 8537.63 7437.82 -
363 8887 8494.13 8494.13 7433.43 -
362.9 8723 8452.9 8452.9 7429.19 -
362.8 8729 8413.77 8413.77 7425.11 -
362.7 8636 8376.59 8376.59 7421.16 -
362.6 8652 8341.24 8341.24 7417.35 -
362.5 8528 8307.6 8307.6 7413.66 -
362.4 8545 8275.54 8275.54 7410.09 -
362.3 8569 8244.98 8244.98 7406.63 -
362.2 8528 8215.81 8215.81 7403.29 -
362.1 8752 8187.96 8187.96 7400.04 -
362 8524 8161.33 8161.33 7396.9 8161.33
