294 7721 7709.68 7709.68 7709.68 7709.68 7709.68 7709.68 7709.68
293.9 7770 7709.68 7709.68 7709.68 7709.68 7709.68 7709.68 -
293.8 7611 7709.68 7709.68 7709.68 7709.68 7709.68 7709.68 -
293.7 7643 7709.68 7709.68 7709.68 7709.68 7709.68 7709.68 -
293.6 7619 7709.68 7709.68 7709.68 7709.68 7709.68 7709.68 -
293.5 7872 7709.68 7709.68 7709.68 7709.68 7709.68 7709.68 -
293.4 7769 7709.69 7709.68 7709.68 7709.68 7709.69 7709.68 -
293.3 7891 7709.69 7709.68 7709.68 7709.68 7709.69 7709.68 -
293.2 7811 7709.7 7709.68 7709.68 7709.68 7709.7 7709.68 -
293.1 7817 7709.71 7709.68 7709.68 7709.68 7709.71 7709.68 -
293 7673 7709.72 7709.68 7709.68 7709.68 7709.72 7709.68 -
292.9 7957 7709.74 7709.68 7709.68 7709.68 7709.74 7709.68 -
292.8 8004 7709.78 7709.68 7709.68 7709.68 7709.78 7709.68 -
292.7 7881 7709.83 7709.68 7709.68 7709.68 7709.83 7709.68 -
292.6 7762 7709.91 7709.68 7709.68 7709.68 7709.9 7709.68 -
292.5 7799 7710.02 7709.68 7709.68 7709.68 7710.02 7709.68 -
292.4 7978 7710.18 7709.68 7709.68 7709.68 7710.18 7709.68 -
292.3 7923 7710.42 7709.68 7709.68 7709.68 7710.41 7709.68 -
292.2 7925 7710.75 7709.68 7709.68 7709.69 7710.74 7709.68 -
292.1 7992 7711.22 7709.68 7709.68 7709.69 7711.2 7709.68 -
292 7911 7711.87 7709.67 7709.67 7709.7 7711.84 7709.67 -
291.9 7866 7712.77 7709.67 7709.67 7709.71 7712.72 7709.67 -
291.8 7941 7713.98 7709.67 7709.67 7709.73 7713.92 7709.67 -
291.7 7874 7715.61 7709.66 7709.66 7709.76 7715.51 7709.66 -
291.6 7965 7717.78 7709.65 7709.65 7709.8 7717.63 7709.65 -
291.5 8007 7720.63 7709.64 7709.64 7709.86 7720.41 7709.64 -
291.4 8121 7724.33 7709.62 7709.62 7709.96 7724 7709.62 -
291.3 8143 7729.08 7709.6 7709.6 7710.09 7728.59 7709.6 -
291.2 7851 7735.11 7709.57 7709.58 7710.28 7734.4 7709.57 -
291.1 7910 7742.67 7709.54 7709.54 7710.56 7741.65 7709.54 -
291 7981 7752.06 7709.49 7709.5 7710.94 7750.6 7709.49 -
290.9 7946 7763.56 7709.43 7709.44 7711.47 7761.5 7709.43 -
290.8 8040 7777.5 7709.35 7709.38 7712.19 7774.63 7709.35 -
290.7 8107 7794.19 7709.25 7709.29 7713.16 7790.24 7709.25 -
290.6 7806 7813.95 7709.13 7709.2 7714.46 7808.55 7709.13 -
290.5 8089 7837.07 7708.97 7709.09 7716.17 7829.75 7708.97 -
290.4 8134 7863.77 7708.79 7708.97 7718.4 7853.99 7708.79 -
290.3 7970 7894.27 7708.56 7708.84 7721.26 7881.3 7708.56 -
290.2 8003 7928.67 7708.29 7708.71 7724.9 7911.65 7708.29 -
290.1 7992 7966.99 7707.98 7708.61 7729.45 7944.88 7707.98 -
290 8220 8009.17 7707.6 7708.55 7735.1 7980.71 7707.6 -
289.9 8038 8054.99 7707.16 7708.58 7742 8018.74 7707.16 -
289.8 8237 8104.17 7706.66 7708.73 7750.34 8058.41 7706.66 -
289.7 8338 8156.27 7706.08 7709.09 7760.28 8099.06 7706.08 -
289.6 8436 8210.75 7705.43 7709.75 7771.97 8139.88 7705.43 -
289.5 8432 8267 7704.71 7710.85 7785.54 8180 7704.7 -
289.4 8444 8324.32 7703.9 7712.53 7801.08 8218.46 7703.88 -
289.3 8295 8381.99 7703.01 7715.03 7818.63 8254.28 7702.98 -
289.2 8494 8439.26 7702.04 7718.59 7838.15 8286.47 7702 -
289.1 8298 8495.45 7701 7723.55 7859.56 8314.12 7700.93 -
289 8414 8549.93 7699.9 7730.29 7882.67 8336.4 7699.78 -
288.9 8665 8602.22 7698.75 7739.29 7907.21 8352.61 7698.55 -
288.8 8568 8651.96 7697.57 7751.06 7932.82 8362.21 7697.24 -
288.7 8507 8699 7696.39 7766.22 7959.06 8364.88 7695.85 -
288.6 8550 8743.4 7695.26 7785.44 7985.41 8360.49 7694.4 -
288.5 8689 8785.43 7694.23 7809.43 8011.26 8349.14 7692.88 -
288.4 8670 8825.62 7693.41 7838.96 8036 8331.13 7691.29 -
288.3 8704 8864.68 7692.91 7874.78 8058.97 8306.97 7689.65 -
288.2 8851 8903.54 7692.91 7917.62 8079.51 8277.34 7687.94 -
288.1 8954 8943.31 7693.66 7968.16 8097 8243.05 7686.18 -
288 8970 8985.23 7695.48 8026.94 8110.88 8205.01 7684.36 -
287.9 9061 9030.61 7698.81 8094.34 8120.68 8164.2 7682.47 -
287.8 9000 9080.85 7704.26 8170.53 8126.04 8121.58 7680.52 -
287.7 9119 9137.33 7712.57 8255.39 8126.73 8078.11 7678.49 -
287.6 9259 9201.41 7724.72 8348.49 8122.65 8034.68 7676.38 -
287.5 9277 9274.43 7741.95 8449.05 8113.85 7992.07 7674.17 -
287.4 9441 9357.63 7765.77 8555.9 8100.52 7950.98 7671.85 -
287.3 9554 9452.22 7798.01 8667.5 8082.98 7911.93 7669.4 -
287.2 9554 9559.36 7840.86 8781.93 8061.68 7875.35 7666.82 -
287.1 9781 9680.15 7896.82 8896.92 8037.13 7841.5 7664.07 -
287 10082 9815.73 7968.74 9009.97 8009.93 7810.55 7661.15 -
286.9 10070 9967.23 8059.75 9118.34 7980.72 7782.51 7658.03 -
286.8 10288 10135.8 8173.19 9219.22 7950.12 7757.32 7654.68 -
286.7 10421 10322.6 8312.45 9309.82 7918.75 7734.83 7651.08 -
286.6 10544 10528.8 8480.88 9387.49 7887.19 7714.83 7647.21 -
286.5 10833 10755.3 8681.55 9449.83 7855.94 7697.07 7643.03 -
286.4 11160 11003 8917 9494.83 7825.45 7681.25 7638.52 -
286.3 11296 11272.2 9189.04 9520.94 7796.05 7667.08 7633.65 -
286.2 11506 11562.7 9498.42 9527.17 7767.99 7654.26 7628.37 -
286.1 11799 11873.7 9844.59 9513.13 7741.46 7642.5 7622.67 -
286 12180 12203.1 10225.5 9479.05 7716.52 7631.55 7616.51 -
285.9 12170 12547.8 10637.3 9425.77 7693.18 7621.14 7609.86 -
285.8 12743 12903.5 11074.4 9354.69 7671.39 7611.08 7602.7 -
285.7 13108 13264.3 11529.4 9267.72 7651.06 7601.17 7595.01 -
285.6 13357 13623.2 11993.1 9167.16 7632.05 7591.27 7586.8 -
285.5 13990 13971.8 12454.9 9055.6 7614.2 7581.27 7578.05 -
285.4 14130 14300.8 12902.9 8935.81 7597.36 7571.07 7568.78 -
285.3 14602 14600.3 13324.8 8810.62 7581.38 7560.64 7559.02 -
285.2 14749 14860.2 13707.8 8682.78 7566.12 7549.94 7548.81 -
285.1 15035 15070.7 14040 8554.9 7551.48 7538.99 7538.21 -
285 15052 15222.9 14310.2 8429.33 7537.35 7527.82 7527.29 -
284.9 15288 15309.1 14509.2 8308.11 7523.68 7516.5 7516.14 -
284.8 15419 15323.7 14629.8 8192.93 7510.44 7505.08 7504.84 -
284.7 15439 15263.4 14667.5 8085.1 7497.62 7493.67 7493.51 -
284.6 15135 15127.1 14620.7 7985.58 7485.24 7482.35 7482.24 -
284.5 15216 14916.8 14490.8 7894.94 7473.31 7471.23 7471.16 -
284.4 14876 14636.6 14281.9 7813.45 7461.9 7460.41 7460.37 -
284.3 14371 14293.4 14001.2 7741.08 7451.05 7449.99 7449.97 -
284.2 14018 13895.9 13657.6 7677.56 7440.8 7440.06 7440.05 -
284.1 13617 13454.6 13262.3 7622.45 7431.21 7430.7 7430.69 -
284 13002 12980.8 12827.2 7575.17 7422.31 7421.96 7421.95 -
283.9 12418 12486.5 12365.1 7535.04 7414.14 7413.9 7413.9 -
283.8 11968 11983.5 11888.6 7501.32 7406.7 7406.55 7406.54 -
283.7 11473 11483 11409.5 7473.29 7400.01 7399.91 7399.91 -
283.6 10883 10995 10938.7 7450.21 7394.06 7393.99 7393.99 -
283.5 10494 10528.4 10485.7 7431.4 7388.81 7388.77 7388.77 -
283.4 9820 10090.2 10058.2 7416.2 7384.25 7384.22 7384.22 -
283.3 9521 9685.65 9661.89 7404.04 7380.31 7380.3 7380.3 -
283.2 9308 9318.32 9300.86 7394.4 7376.97 7376.95 7376.95 -
283.1 8954 8990.06 8977.37 7386.83 7374.15 7374.14 7374.14 -
283 8687 8701.22 8692.09 7380.92 7371.8 7371.8 7371.8 -
282.9 8523 8450.88 8444.38 7376.37 7369.87 7369.87 7369.87 -
282.8 8374 8237.09 8232.5 7372.88 7368.3 7368.3 7368.3 -
282.7 8193 8057.12 8053.93 7370.24 7367.04 7367.04 7367.04 -
282.6 7923 7907.78 7905.58 7368.25 7366.04 7366.04 7366.04 -
282.5 8008 7785.57 7784.07 7366.76 7365.26 7365.26 7365.26 -
282.4 7920 7686.94 7685.92 7365.66 7364.65 7364.65 7364.65 -
282.3 7775 7608.42 7607.74 7364.86 7364.18 7364.18 7364.18 -
282.2 7584 7546.75 7546.3 7364.28 7363.83 7363.83 7363.83 -
282.1 7849 7498.96 7498.66 7363.86 7363.56 7363.56 7363.56 -
282 7644 7462.41 7462.22 7363.56 7363.37 7363.37 7363.37 -
281.9 7663 7434.82 7434.7 7363.34 7363.22 7363.22 7363.22 -
281.8 7702 7414.27 7414.19 7363.2 7363.12 7363.12 7363.12 -
281.7 7442 7399.16 7399.11 7363.09 7363.04 7363.04 7363.04 -
281.6 7700 7388.19 7388.16 7363.02 7362.99 7362.99 7362.99 -
281.5 7440 7380.33 7380.32 7362.97 7362.96 7362.96 7362.96 -
281.4 7626 7374.77 7374.76 7362.94 7362.93 7362.93 7362.93 -
281.3 7496 7370.89 7370.88 7362.92 7362.91 7362.91 7362.91 -
281.2 7414 7368.21 7368.21 7362.91 7362.9 7362.9 7362.9 -
281.1 7533 7366.39 7366.38 7362.9 7362.89 7362.89 7362.89 -
281 7515 7365.16 7365.16 7362.89 7362.89 7362.89 7362.89 -
280.9 7595 7364.34 7364.34 7362.89 7362.89 7362.89 7362.89 -
280.8 7569 7363.81 7363.81 7362.88 7362.88 7362.88 7362.88 -
280.7 7519 7363.46 7363.46 7362.88 7362.88 7362.88 7362.88 -
280.6 7464 7363.24 7363.24 7362.88 7362.88 7362.88 7362.88 -
280.5 7429 7363.1 7363.1 7362.88 7362.88 7362.88 7362.88 -
280.4 7494 7363.01 7363.01 7362.88 7362.88 7362.88 7362.88 -
280.3 7570 7362.96 7362.96 7362.88 7362.88 7362.88 7362.88 -
280.2 7539 7362.93 7362.93 7362.88 7362.88 7362.88 7362.88 -
280.1 7470 7362.91 7362.91 7362.88 7362.88 7362.88 7362.88 -
280 7351 7362.9 7362.9 7362.88 7362.88 7362.88 7362.88 -
279.9 7585 7362.89 7362.89 7362.88 7362.88 7362.88 7362.88 -
279.8 7458 7362.89 7362.89 7362.88 7362.88 7362.88 7362.88 -
279.7 7585 7362.88 7362.88 7362.88 7362.88 7362.88 7362.88 -
279.6 7550 7362.88 7362.88 7362.88 7362.88 7362.88 7362.88 -
279.5 7557 7362.88 7362.88 7362.88 7362.88 7362.88 7362.88 -
279.4 7509 7362.88 7362.88 7362.88 7362.88 7362.88 7362.88 -
279.3 7377 7362.88 7362.88 7362.88 7362.88 7362.88 7362.88 -
279.2 7421 7362.88 7362.88 7362.88 7362.88 7362.88 7362.88 -
279.1 7393 7362.88 7362.88 7362.88 7362.88 7362.88 7362.88 -
279 7424 7362.88 7362.88 7362.88 7362.88 7362.88 7362.88 -
278.9 7686 7362.88 7362.88 7362.88 7362.88 7362.88 7362.88 -
278.8 7502 7362.88 7362.88 7362.88 7362.88 7362.88 7362.88 -
278.7 7381 7362.88 7362.88 7362.88 7362.88 7362.88 7362.88 -
278.6 7327 7362.88 7362.88 7362.88 7362.88 7362.88 7362.88 -
278.5 7295 7362.88 7362.88 7362.88 7362.88 7362.88 7362.88 -
278.4 7472 7362.88 7362.88 7362.88 7362.88 7362.88 7362.88 -
278.3 7392 7362.88 7362.88 7362.88 7362.88 7362.88 7362.88 -
278.2 7490 7362.88 7362.88 7362.88 7362.88 7362.88 7362.88 -
278.1 7510 7362.88 7362.88 7362.88 7362.88 7362.88 7362.88 -
278 7378 7362.88 7362.88 7362.88 7362.88 7362.88 7362.88 7362.88
