544 21608 21476 21398.7 21455.2 21419.3 21398.6 21476
543.9 21550 21477.3 21398.6 21456.1 21419.6 21398.5 -
543.8 21346 21478.6 21398.5 21457 21419.9 21398.4 -
543.7 21318 21479.9 21398.5 21457.9 21420.3 21398.3 -
543.6 21389 21481.3 21398.4 21458.8 21420.6 21398.3 -
543.5 21424 21482.7 21398.3 21459.7 21421 21398.2 -
543.4 21276 21484.2 21398.2 21460.7 21421.4 21398.1 -
543.3 21629 21485.6 21398.1 21461.7 21421.8 21398 -
543.2 21315 21487.2 21398 21462.8 21422.2 21397.9 -
543.1 21415 21488.7 21397.9 21463.8 21422.6 21397.8 -
543 21458 21490.4 21397.9 21464.9 21423 21397.7 -
542.9 21336 21492 21397.8 21466 21423.5 21397.6 -
542.8 21294 21493.7 21397.7 21467.2 21423.9 21397.5 -
542.7 21339 21495.5 21397.6 21468.4 21424.4 21397.4 -
542.6 21415 21497.3 21397.5 21469.6 21424.9 21397.3 -
542.5 21558 21499.2 21397.4 21470.9 21425.4 21397.2 -
542.4 21380 21501.1 21397.3 21472.2 21426 21397.1 -
542.3 21436 21503.1 21397.2 21473.5 21426.5 21397 -
542.2 21403 21505.2 21397.1 21474.8 21427.1 21396.9 -
542.1 21252 21507.3 21396.9 21476.3 21427.7 21396.8 -
542 21442 21509.5 21396.8 21477.7 21428.3 21396.7 -
541.9 21267 21511.7 21396.7 21479.2 21428.9 21396.6 -
541.8 21307 21514.1 21396.6 21480.7 21429.6 21396.4 -
541.7 21339 21516.5 21396.5 21482.3 21430.3 21396.3 -
541.6 21380 21519 21396.4 21484 21431 21396.2 -
541.5 21502 21521.5 21396.2 21485.7 21431.8 21396.1 -
541.4 21195 21524.2 21396.1 21487.4 21432.5 21395.9 -
541.3 21230 21526.9 21396 21489.2 21433.3 21395.8 -
541.2 21359 21529.8 21395.9 21491.1 21434.2 21395.7 -
541.1 21148 21532.7 21395.7 21493 21435.1 21395.5 -
541 21449 21535.7 21395.6 21495 21436 21395.4 -
540.9 21661 21538.9 21395.4 21497 21436.9 21395.3 -
540.8 21138 21542.1 21395.3 21499.1 21437.9 21395.1 -
540.7 21346 21545.5 21395.1 21501.3 21439 21395 -
540.6 21403 21549 21395 21503.6 21440 21394.8 -
540.5 21519 21552.7 21394.8 21505.9 21441.2 21394.6 -
540.4 21438 21556.4 21394.7 21508.4 21442.4 21394.5 -
540.3 21653 21560.4 21394.5 21510.9 21443.6 21394.3 -
540.2 21319 21564.4 21394.3 21513.5 21444.9 21394.1 -
540.1 21624 21568.7 21394.2 21516.2 21446.2 21394 -
540 21548 21573.1 21394 21519 21447.7 21393.8 -
539.9 21605 21577.7 21393.8 21521.9 21449.1 21393.6 -
539.8 21584 21582.4 21393.6 21524.9 21450.7 21393.4 -
539.7 21480 21587.4 21393.4 21528 21452.3 21393.2 -
539.6 21956 21592.6 21393.3 21531.3 21454 21393 -
539.5 21701 21597.9 21393 21534.6 21455.8 21392.8 -
539.4 21517 21603.6 21392.8 21538.2 21457.7 21392.6 -
539.3 21778 21609.4 21392.6 21541.8 21459.7 21392.4 -
539.2 22188 21615.6 21392.4 21545.6 21461.8 21392.1 -
539.1 22060 21622 21392.2 21549.6 21464.1 21391.9 -
539 21941 21628.7 21392 21553.7 21466.4 21391.7 -
538.9 22082 21635.7 21391.7 21558 21468.9 21391.4 -
538.8 21835 21643 21391.5 21562.4 21471.5 21391.2 -
538.7 21978 21650.7 21391.2 21567.1 21474.2 21390.9 -
538.6 22086 21658.7 21391 21572 21477.1 21390.7 -
538.5 22075 21667.2 21390.7 21577.1 21480.2 21390.4 -
538.4 22089 21676 21390.4 21582.4 21483.4 21390.1 -
538.3 22106 21685.4 21390.1 21587.9 21486.9 21389.8 -
538.2 22077 21695.1 21389.8 21593.7 21490.6 21389.5 -
538.1 22330 21705.5 21389.5 21599.8 21494.5 21389.2 -
538 22225 21716.3 21389.2 21606.2 21498.6 21388.9 -
537.9 22272 21727.7 21388.9 21612.9 21503 21388.5 -
537.8 22336 21739.8 21388.5 21619.9 21507.7 21388.2 -
537.7 22285 21752.6 21388.2 21627.3 21512.7 21387.8 -
537.6 22143 21766 21387.8 21635 21518.1 21387.4 -
537.5 22316 21780.3 21387.4 21643.1 21523.8 21387 -
537.4 22136 21795.4 21387 21651.7 21529.9 21386.6 -
537.3 22501 21811.3 21386.6 21660.7 21536.5 21386.2 -
537.2 22539 21828.3 21386.2 21670.2 21543.5 21385.8 -
537.1 22402 21846.3 21385.8 21680.2 21551 21385.3 -
537 22438 21865.5 21385.3 21690.7 21559.1 21384.8 -
536.9 22590 21885.9 21384.8 21701.9 21567.8 21384.3 -
536.8 22447 21907.6 21384.3 21713.8 21577.2 21383.8 -
536.7 22599 21930.8 21383.8 21726.3 21587.3 21383.3 -
536.6 22477 21955.6 21383.2 21739.6 21598.2 21382.7 -
536.5 22557 21982.1 21382.6 21753.7 21609.9 21382.1 -
536.4 22659 22010.5 21382 21768.8 21622.6 21381.5 -
536.3 22342 22040.9 21381.4 21784.8 21636.4 21380.9 -
536.2 22228 22073.6 21380.8 21802 21651.3 21380.2 -
536.1 22501 22108.8 21380.1 21820.3 21667.3 21379.5 -
536 22437 22146.7 21379.3 21840 21684.8 21378.7 -
535.9 22350 22187.5 21378.5 21861.1 21703.6 21377.9 -
535.8 22246 22231.5 21377.7 21883.8 21724.1 21377.1 -
535.7 22382 22279 21376.9 21908.3 21746.2 21376.2 -
535.6 22555 22330.4 21376 21934.8 21770.1 21375.3 -
535.5 22460 22385.9 21375 21963.5 21795.9 21374.3 -
535.4 22323 22445.9 21374 21994.6 21823.8 21373.2 -
535.3 22527 22510.7 21372.9 22028.4 21853.7 21372.1 -
535.2 22815 22580.8 21371.8 22065.3 21885.7 21371 -
535.1 22385 22656.4 21370.5 22105.4 21919.8 21369.7 -
535 22680 22737.7 21369.3 22149.3 21955.9 21368.4 -
534.9 22796 22825 21367.9 22197.3 21993.8 21367 -
534.8 22724 22918.5 21366.4 22249.8 22033.2 21365.5 -
534.7 22610 23018.1 21364.8 22307.3 22073.7 21363.9 -
534.6 23142 23123.7 21363.2 22370.3 22114.5 21362.2 -
534.5 22877 23234.9 21361.4 22439.2 22155 21360.3 -
534.4 22972 23351.4 21359.5 22514.7 22194 21358.4 -
534.3 23063 23472.5 21357.5 22597.3 22230.4 21356.3 -
534.2 22977 23597.5 21355.4 22687.5 22263 21354.2 -
534.1 23590 23725.6 21353.1 22786 22290.2 21351.8 -
534 23860 23856.1 21350.7 22893.3 22310.9 21349.4 -
533.9 23729 23988.5 21348.2 23009.9 22324 21346.8 -
533.8 23776 24122.5 21345.6 23136.5 22328.6 21344.1 -
533.7 24141 24258.2 21342.8 23273.3 22324.4 21341.2 -
533.6 24322 24395.9 21339.9 23420.9 22311.5 21338.2 -
533.5 24156 24536.4 21337 23579.2 22290.4 21335.1 -
533.4 24786 24680.6 21333.9 23748.4 22261.9 21331.8 -
533.3 25079 24829.3 21330.7 23928 22227.2 21328.3 -
533.2 24751 24983.3 21327.6 24117.5 22187.6 21324.7 -
533.1 25139 25142.7 21324.5 24315.6 22144.4 21320.9 -
533 25244 25307.2 21321.5 24520.6 22099 21317 -
532.9 25744 25475.5 21318.8 24729.9 22052.5 21312.9 -
532.8 25663 25645.4 21316.7 24940.1 22005.7 21308.6 -
532.7 25633 25813.6 21315.3 25147 21959.4 21304.1 -
532.6 25884 25975.7 21315.2 25345.1 21914.3 21299.4 -
532.5 26487 26126.7 21316.8 25528.4 21870.7 21294.6 -
532.4 26168 26260.8 21320.9 25690.3 21828.9 21289.6 -
532.3 26088 26372.3 21328.2 25824 21789 21284.5 -
532.2 26305 26456 21340 25923.2 21751.3 21279.2 -
532.1 26493 26508.1 21357.5 25982.8 21715.6 21273.9 -
532 26515 26526.5 21382.1 25999.5 21681.9 21268.5 -
531.9 26661 26511.7 21415.6 25972 21650.3 21263.1 -
531.8 26463 26466.6 21459.7 25901.6 21620.6 21257.7 -
531.7 26082 26396.1 21516.1 25791.8 21592.7 21252.3 -
531.6 26333 26307 21586.6 25647.7 21566.6 21247 -
531.5 26323 26206.8 21672.5 25475.6 21542.2 21241.8 -
531.4 25782 26103.3 21774.9 25282.3 21519.3 21236.6 -
531.3 26186 26003.5 21894.3 25074.5 21497.9 21231.6 -
531.2 26093 25912.9 22030.2 24858.3 21477.8 21226.7 -
531.1 26363 25835.5 22181.4 24638.9 21458.9 21221.8 -
531 26103 25773.3 22345.6 24420.8 21441.1 21217.1 -
530.9 25930 25726.2 22519.5 24207.1 21424.3 21212.4 -
530.8 26204 25692.3 22698.7 24000.6 21408.5 21207.7 -
530.7 25769 25667.8 22877.8 23802.8 21393.4 21203.1 -
530.6 25610 25648 23050.7 23615.1 21379.1 21198.5 -
530.5 25676 25627 23211.2 23438.1 21365.6 21193.9 -
530.4 25532 25598.6 23352.7 23272 21352.6 21189.3 -
530.3 25420 25556.8 23469.2 23116.9 21340.2 21184.8 -
530.2 25520 25495.8 23555.3 22972.7 21328.4 21180.3 -
530.1 25473 25411.4 23607 22839 21317.1 21175.8 -
530 25018 25300.4 23621.6 22715.3 21306.3 21171.4 -
529.9 24980 25161.4 23598.4 22601.3 21296.1 21167.2 -
529.8 25007 24994.7 23538.1 22496.4 21286.3 21163.1 -
529.7 24835 24802.5 23443.5 22400 21277.1 21159.1 -
529.6 24482 24588.1 23318.8 22311.6 21268.4 21155.4 -
529.5 24365 24356.4 23169.1 22230.7 21260.2 21151.8 -
529.4 24355 24112.9 23000.8 22156.6 21252.5 21148.5 -
529.3 23585 23863.4 22820.1 22088.9 21245.3 21145.4 -
529.2 23740 23613.9 22633.6 22027 21238.6 21142.6 -
529.1 23476 23369.9 22447.3 21970.4 21232.4 21140.1 -
529 23026 23136.1 22266.4 21918.7 21226.6 21137.8 -
528.9 22823 22916.5 22095.3 21871.5 21221.2 21135.7 -
528.8 22496 22714.1 21937.4 21828.2 21216.2 21133.9 -
528.7 22632 22530.6 21794.9 21788.6 21211.7 21132.3 -
528.6 22184 22367.1 21669.1 21752.2 21207.4 21130.8 -
528.5 22117 22223.4 21560.3 21718.7 21203.5 21129.5 -
528.4 21757 22098.9 21468 21687.9 21199.8 21128.4 -
528.3 21712 21992.4 21391.2 21659.5 21196.4 21127.4 -
528.2 21639 21902 21328.6 21633.3 21193.2 21126.5 -
528.1 21703 21826 21278.3 21608.9 21190.2 21125.7 -
528 21376 21762.4 21238.6 21586.3 21187.4 21125 -
527.9 21370 21709.2 21207.9 21565.2 21184.8 21124.3 -
527.8 21418 21664.9 21184.5 21545.5 21182.3 21123.7 -
527.7 21496 21627.7 21166.9 21527.2 21179.9 21123.2 -
527.6 21270 21596.2 21153.9 21509.9 21177.7 21122.7 -
527.5 21134 21569.4 21144.4 21493.8 21175.6 21122.2 -
527.4 21207 21546.2 21137.5 21478.6 21173.5 21121.7 -
527.3 21120 21525.8 21132.5 21464.3 21171.6 21121.3 -
527.2 21120 21507.8 21129 21450.8 21169.7 21120.9 -
527.1 21055 21491.5 21126.4 21438 21167.9 21120.5 -
527 20969 21476.6 21124.6 21426 21166.2 21120.1 -
526.9 21233 21463 21123.3 21414.6 21164.6 21119.7 -
526.8 21325 21450.3 21122.2 21403.7 21163 21119.3 -
526.7 21276 21438.4 21121.4 21393.5 21161.5 21119 -
526.6 21304 21427.2 21120.8 21383.7 21160 21118.7 -
526.5 21261 21416.6 21120.3 21374.4 21158.6 21118.4 -
526.4 21215 21406.6 21119.8 21365.6 21157.3 21118 -
526.3 21170 21397 21119.4 21357.2 21156 21117.8 -
526.2 21041 21387.9 21119 21349.2 21154.7 21117.5 -
526.1 21241 21379.3 21118.6 21341.6 21153.5 21117.2 -
526 21395 21371 21118.3 21334.3 21152.3 21116.9 -
525.9 21114 21363.1 21117.9 21327.3 21151.2 21116.7 -
525.8 21118 21355.6 21117.6 21320.6 21150.1 21116.4 -
525.7 21132 21348.4 21117.3 21314.3 21149.1 21116.2 -
525.6 20933 21341.5 21117 21308.2 21148.1 21115.9 -
525.5 20909 21334.8 21116.7 21302.4 21147.1 21115.7 -
525.4 21117 21328.5 21116.5 21296.8 21146.1 21115.5 -
525.3 21095 21322.4 21116.2 21291.4 21145.2 21115.2 -
525.2 21153 21316.5 21116 21286.3 21144.3 21115 -
525.1 21131 21310.9 21115.7 21281.3 21143.5 21114.8 -
525 21273 21305.5 21115.5 21276.6 21142.6 21114.6 -
524.9 21204 21300.3 21115.2 21272 21141.8 21114.4 -
524.8 21438 21295.3 21115 21267.7 21141 21114.2 -
524.7 21341 21290.5 21114.8 21263.5 21140.3 21114 -
524.6 21310 21285.9 21114.6 21259.4 21139.5 21113.9 -
524.5 21229 21281.4 21114.4 21255.5 21138.8 21113.7 -
524.4 21363 21277.1 21114.2 21251.8 21138.1 21113.5 -
524.3 21461 21272.9 21114 21248.1 21137.5 21113.3 -
524.2 21273 21268.9 21113.8 21244.7 21136.8 21113.2 -
524.1 20916 21265.1 21113.6 21241.3 21136.2 21113 -
524 21139 21261.4 21113.5 21238 21135.5 21112.8 21261.4
