82 13288 13101 13101 13018.1 13018.1 13101
81.9 13326 13102.6 13102.6 13017.7 13017.7 -
81.8 13651 13104.3 13104.3 13017.3 13017.3 -
81.7 13771 13106.1 13106.1 13016.9 13016.9 -
81.6 13421 13107.9 13107.9 13016.5 13016.5 -
81.5 13337 13109.8 13109.8 13016.1 13016.1 -
81.4 13503 13111.8 13111.8 13015.6 13015.6 -
81.3 13246 13113.9 13113.9 13015.2 13015.2 -
81.2 13334 13116 13116.1 13014.7 13014.7 -
81.1 13142 13118.3 13118.3 13014.2 13014.3 -
81 13466 13120.7 13120.7 13013.8 13013.8 -
80.9 13215 13123.1 13123.2 13013.3 13013.3 -
80.8 13345 13125.7 13125.8 13012.7 13012.8 -
80.7 13427 13128.5 13128.5 13012.2 13012.2 -
80.6 13265 13131.3 13131.3 13011.7 13011.7 -
80.5 13138 13134.3 13134.3 13011.1 13011.1 -
80.4 13165 13137.4 13137.5 13010.5 13010.5 -
80.3 13181 13140.7 13140.7 13009.9 13009.9 -
80.2 13295 13144.2 13144.2 13009.3 13009.3 -
80.1 13135 13147.8 13147.9 13008.7 13008.7 -
80 13052 13151.7 13151.7 13008 13008.1 -
79.9 13030 13155.7 13155.7 13007.4 13007.4 -
79.8 13170 13160 13160 13006.7 13006.7 -
79.7 13195 13164.5 13164.5 13005.9 13006 -
79.6 13027 13169.3 13169.3 13005.2 13005.2 -
79.5 13102 13174.3 13174.3 13004.4 13004.5 -
79.4 13074 13179.6 13179.7 13003.6 13003.7 -
79.3 13208 13185.3 13185.3 13002.8 13002.8 -
79.2 12971 13191.3 13191.3 13002 13002 -
79.1 12924 13197.7 13197.7 13001.1 13001.1 -
79 12768 13204.5 13204.5 13000.2 13000.2 -
78.9 13091 13211.7 13211.7 12999.2 12999.2 -
78.8 12830 13219.4 13219.4 12998.2 12998.2 -
78.7 12998 13227.7 13227.7 12997.2 12997.2 -
78.6 12870 13236.5 13236.5 12996.1 12996.1 -
78.5 12937 13246 13246 12995 12995 -
78.4 13015 13256.2 13256.2 12993.8 12993.8 -
78.3 13030 13267.2 13267.2 12992.6 12992.6 -
78.2 13104 13279.1 13279.1 12991.3 12991.3 -
78.1 13093 13292.1 13292.1 12989.9 12989.9 -
78 13311 13306.3 13306.3 12988.5 12988.5 -
77.9 13168 13321.9 13321.9 12987 12987 -
77.8 13197 13339.3 13339.3 12985.4 12985.5 -
77.7 13479 13358.8 13358.9 12983.8 12983.8 -
77.6 13060 13381 13381 12982 12982.1 -
77.5 13313 13406.6 13406.6 12980.2 12980.2 -
77.4 13299 13436.3 13436.4 12978.2 12978.2 -
77.3 13289 13471.5 13471.5 12976 12976 -
77.2 13502 13513.5 13513.5 12973.7 12973.7 -
77.1 13325 13564.2 13564.2 12971.2 12971.2 -
77 13332 13625.7 13625.7 12968.4 12968.4 -
76.9 13640 13700.8 13700.8 12965.3 12965.3 -
76.8 13799 13792.5 13792.5 12961.9 12961.9 -
76.7 13787 13904.4 13904.5 12958 12958 -
76.6 13916 14040.5 14040.5 12953.5 12953.6 -
76.5 14385 14204.7 14204.7 12948.4 12948.5 -
76.4 14470 14401.3 14401.3 12942.6 12942.6 -
76.3 14840 14634.2 14634.3 12935.7 12935.8 -
76.2 15047 14907.1 14907.1 12927.8 12927.8 -
76.1 15294 15222.5 15222.6 12918.5 12918.5 -
76 15475 15582 15582.1 12907.7 12907.7 -
75.9 15723 15985.6 15985.6 12895.2 12895.2 -
75.8 16159 16431.1 16431.1 12880.7 12880.7 -
75.7 16520 16914.4 16914.4 12864.1 12864.1 -
75.6 17005 17428.5 17428.5 12845.1 12845.1 -
75.5 17618 17963.6 17963.6 12823.6 12823.7 -
75.4 18561 18506.7 18506.8 12799.5 12799.6 -
75.3 18778 19041.5 19041.5 12772.8 12772.8 -
75.2 19491 19547.8 19547.8 12743.4 12743.5 -
75.1 20193 20002.5 20002.6 12711.6 12711.6 -
75 20397 20380.5 20380.5 12677.4 12677.5 -
74.9 20787 20656.8 20656.8 12641.3 12641.4 -
74.8 20834 20810.3 20810.4 12603.8 12603.8 -
74.7 20756 20823.6 20823.6 12565.3 12565.4 -
74.6 20755 20577.7 20577.7 12526.7 12526.7 -
74.5 20034 20060.4 20060.5 12488.9 12489 -
74.4 19370 19351.3 19351.3 12453.5 12453.5 -
74.3 18800 18538.6 18538.6 12421.2 12421.2 -
74.2 17760 17700 17700.1 12392.5 12392.6 -
74.1 16935 16895.3 16895.3 12367.7 12367.7 -
74 16417 16166.3 16166.3 12346.4 12346.5 -
73.9 15754 15539 15539.1 12328.6 12328.6 -
73.8 15247 15026.5 15026.6 12313.5 12313.6 -
73.7 14922 14631.6 14631.6 12300.8 12300.8 -
73.6 14707 14349.6 14349.6 12289.9 12289.9 -
73.5 14562 14171.9 14171.9 12280.2 12280.3 -
73.4 14302 14088 14088.1 12271.4 12271.4 -
73.3 14298 14088.2 14088.3 12262.9 12262.9 -
73.2 14653 14164.5 14164.5 12254.3 12254.4 -
73.1 14736 14311.3 14311.3 12245.4 12245.4 -
73 14791 14525.2 14525.2 12235.7 12235.7 -
72.9 15017 14804.8 14804.7 12225 12225 -
72.8 15672 15149.6 15149.6 12213 12212.9 -
72.7 15552 15559.4 15559.3 12199.2 12199.2 -
72.6 16102 16032.9 16032.8 12183.5 12183.4 -
72.5 16429 16567.6 16567.5 12165.5 12165.4 -
72.4 17043 17158.3 17158.1 12145 12144.8 -
72.3 17513 17797.1 17796.9 12121.5 12121.3 -
72.2 18233 18472.5 18472.2 12095 12094.7 -
72.1 19065 19169 19168.6 12065.2 12064.8 -
72 19880 19866.8 19866.2 12032.1 12031.5 -
71.9 20417 20541.4 20540.7 11995.5 11994.8 -
71.8 21190 21163.8 21163 11955.6 11954.8 -
71.7 21928 21701.3 21700.3 11912.7 11911.7 -
71.6 22133 22119.8 22118.6 11867 11865.8 -
71.5 22538 22387.5 22386 11819.3 11817.8 -
71.4 22826 22480.5 22478.7 11770.1 11768.3 -
71.3 22183 22329.3 22327.1 11720.3 11718.1 -
71.2 21576 21787.6 21784.9 11671 11668.4 -
71.1 21030 20928.6 20925.4 11624.2 11621 -
71 19866 19867.7 19863.9 11581.2 11577.4 -
70.9 18554 18717.2 18712.7 11543.1 11538.5 -
70.8 17465 17568.2 17562.8 11510.3 11504.9 -
70.7 16320 16487.2 16480.7 11482.9 11476.5 -
70.6 15342 15517.3 15509.7 11460.7 11453 -
70.5 14385 14682.1 14673.1 11443 11434 -
70.4 13579 13988.5 13978 11429.4 11418.8 -
70.3 13407 13431.4 13419 11419.2 11406.7 -
70.2 12913 12996.6 12982.1 11411.8 11397.3 -
70.1 12635 12665.8 12648.8 11406.7 11389.8 -
70 12392 12418.8 12399.1 11403.6 11383.8 -
69.9 12066 12236.9 12213.9 11401.9 11378.9 -
69.8 11897 12103.6 12076.9 11401.5 11374.9 -
69.7 12065 12005.5 11974.7 11402.3 11371.5 -
69.6 11600 11932.6 11897.1 11404 11368.5 -
69.5 11610 11877.4 11836.7 11406.6 11365.9 -
69.4 11789 11834.9 11788.2 11410.2 11363.5 -
69.3 11485 11801.5 11748.1 11414.7 11361.3 -
69.2 11637 11775 11714.1 11420.2 11359.2 -
69.1 11489 11754 11684.6 11426.6 11357.3 -
69 11513 11737.5 11658.7 11434.1 11355.4 -
68.9 11670 11724.8 11635.6 11442.8 11353.6 -
68.8 11649 11715.6 11614.9 11452.6 11351.9 -
68.7 11644 11709.5 11596.1 11463.6 11350.2 -
68.6 11718 11706.4 11579 11475.9 11348.5 -
68.5 11761 11706.2 11563.3 11489.7 11346.8 -
68.4 11904 11708.6 11548.9 11504.8 11345.2 -
68.3 11812 11713.7 11535.6 11521.5 11343.5 -
68.2 11960 11721.4 11523.3 11539.8 11341.7 -
68.1 11764 11731.6 11511.7 11559.8 11339.9 -
68 11707 11744.3 11500.9 11581.4 11338.1 -
67.9 11909 11759.4 11490.8 11604.8 11336.2 -
67.8 11948 11777 11481.2 11630.1 11334.2 -
67.7 11930 11797 11472 11657.2 11332.1 -
67.6 11703 11819.4 11463.3 11686.1 11330 -
67.5 11973 11844.2 11454.9 11717 11327.7 -
67.4 11954 11871.2 11446.8 11749.7 11325.3 -
67.3 12109 11900.6 11438.9 11784.3 11322.7 -
67.2 11844 11932.1 11431.3 11820.8 11320 -
67.1 11824 11965.7 11423.8 11859.1 11317.1 -
67 12208 12001.4 11416.4 11899.1 11314.1 -
66.9 11954 12039 11409.1 11940.7 11310.9 -
66.8 12237 12078.4 11401.9 11983.9 11307.5 -
66.7 12129 12119.4 11394.7 12028.6 11303.8 -
66.6 12307 12162 11387.4 12074.5 11300 -
66.5 12139 12205.8 11380.2 12121.6 11296 -
66.4 12250 12250.8 11372.9 12169.6 11291.7 -
66.3 12464 12296.7 11365.6 12218.4 11287.2 -
66.2 12462 12343.2 11358.1 12267.6 11282.5 -
66.1 12548 12390.2 11350.6 12317.2 11277.5 -
66 12563 12437.4 11342.9 12366.8 11272.3 -
65.9 12566 12484.4 11335.2 12416.1 11266.9 -
65.8 12504 12531 11327.3 12464.9 11261.2 -
65.7 12454 12576.9 11319.2 12512.9 11255.2 -
65.6 12611 12621.8 11311 12559.8 11249 -
65.5 12675 12665.4 11302.7 12605.3 11242.6 -
65.4 12696 12707.3 11294.2 12649 11235.9 -
65.3 12764 12747.3 11285.6 12690.8 11229 -
65.2 12728 12785.1 11276.8 12730.1 11221.9 -
65.1 12804 12820.2 11267.9 12766.9 11214.6 -
65 12831 12852.6 11258.9 12800.8 11207.1 12852.6
