170 18099 18039.1 18035.1 17598.1 17594.1 18039.1
169.9 17787 18051.2 18047.1 17596.7 17592.6 -
169.8 18139 18064 18059.8 17595.2 17591 -
169.7 17982 18077.4 18073.2 17593.6 17589.4 -
169.6 17744 18091.6 18087.2 17592 17587.7 -
169.5 17861 18106.5 18102 17590.4 17585.9 -
169.4 18117 18122.3 18117.7 17588.7 17584.1 -
169.3 18148 18138.9 18134.2 17586.9 17582.2 -
169.2 17938 18156.5 18151.7 17585.1 17580.3 -
169.1 18034 18175.2 18170.2 17583.2 17578.3 -
169 17692 18194.9 18189.9 17581.3 17576.2 -
168.9 17752 18215.9 18210.7 17579.3 17574.1 -
168.8 17955 18238.2 18232.8 17577.2 17571.8 -
168.7 18102 18261.9 18256.4 17575 17569.5 -
168.6 17790 18287.1 18281.5 17572.8 17567.1 -
168.5 17798 18314 18308.2 17570.4 17564.6 -
168.4 17835 18342.8 18336.8 17568 17562 -
168.3 17711 18373.6 18367.4 17565.5 17559.3 -
168.2 17658 18406.6 18400.2 17562.8 17556.5 -
168.1 17801 18442 18435.5 17560 17553.5 -
168 18001 18480.1 18473.4 17557.2 17550.4 -
167.9 17580 18521.2 18514.2 17554.1 17547.2 -
167.8 17847 18565.6 18558.5 17551 17543.8 -
167.7 17895 18613.8 18606.4 17547.7 17540.3 -
167.6 17888 18666.4 18658.8 17544.2 17536.5 -
167.5 17973 18724 18716.1 17540.5 17532.6 -
167.4 17966 18787.4 18779.3 17536.7 17528.5 -
167.3 17903 18857.9 18849.5 17532.6 17524.1 -
167.2 18299 18937 18928.3 17528.3 17519.5 -
167.1 17928 19026.7 19017.6 17523.7 17514.5 -
167 18276 19129.6 19120.1 17518.7 17509.3 -
166.9 18662 19249.2 19239.4 17513.5 17503.7 -
166.8 18775 19390.1 19379.9 17507.8 17497.6 -
166.7 19091 19558.1 19547.5 17501.7 17491 -
166.6 19251 19760.5 19749.4 17494.9 17483.8 -
166.5 20032 20006.4 19994.8 17487.5 17475.9 -
166.4 20073 20306.6 20294.5 17479.2 17467.1 -
166.3 20658 20674.1 20661.4 17469.9 17457.3 -
166.2 20963 21123.3 21110.1 17459.3 17446.1 -
166.1 21780 21670.5 21656.7 17447.2 17433.3 -
166 22575 22332.7 22318.2 17433.1 17418.6 -
165.9 23515 23127 23111.7 17416.8 17401.5 -
165.8 24587 24069.5 24053.5 17397.7 17381.6 -
165.7 25680 25174.2 25157.3 17375.3 17358.4 -
165.6 27001 26451 26433.2 17349.1 17331.2 -
165.5 27864 27904.5 27885.6 17318.5 17299.5 -
165.4 29754 29531.9 29511.8 17282.7 17262.7 -
165.3 31459 31321.5 31300.2 17241.4 17220.1 -
165.2 33484 33251.1 33228.4 17193.7 17171.1 -
165.1 35132 35285.6 35261.4 17139.4 17115.2 -
165 36656 37375.8 37349.9 17077.9 17052.1 -
164.9 39141 39455.7 39427.9 17009.2 16981.4 -
164.8 40890 41441.4 41411.6 16933.2 16903.3 -
164.7 43108 43232 43199.7 16850.3 16818.1 -
164.6 44461 44713.8 44678.9 16761.2 16726.3 -
164.5 46154 45773.2 45735.1 16667.1 16629.1 -
164.4 46760 46314.3 46272.6 16569.5 16527.8 -
164.3 46347 46280.8 46234.7 16470.4 16424.3 -
164.2 45868 45670.9 45618.9 16372.5 16320.6 -
164.1 45285 44538 44477.7 16278.9 16218.6 -
164 43480 42979.1 42905.2 16194 16120.2 -
163.9 41641 41114 41016.8 16124.1 16026.9 -
163.8 38925 39068.3 38928.8 16079.2 15939.7 -
163.7 36725 36962 36746.2 16075.1 15859.3 -
163.6 34515 34906.3 34556.2 16136.1 15786 -
163.5 32433 33004 32427.4 16296.2 15719.6 -
163.4 30732 31350.2 30411.1 16598.6 15659.5 -
163.3 29591 30029.1 28543.3 17090.8 15605 -
163.2 29007 29105.9 26846.7 17814.1 15554.9 -
163.1 28661 28613.7 25333.1 18788.4 15507.8 -
163 28341 28537.4 24004.4 19995.3 15462.2 -
162.9 28942 28803.1 22855.6 21364.3 15416.8 -
162.8 29756 29275.6 21876 22769.9 15370.3 -
162.7 29683 29772.1 21051.4 24042.7 15322 -
162.6 30220 30090.2 20365.7 24996.3 15271.8 -
162.5 30210 30049.6 19802.5 25467.4 15220.3 -
162.4 29514 29555.5 19346.3 25377.9 15168.8 -
162.3 28496 28659.4 18982.8 24795.3 15118.8 -
162.2 27743 27437.8 18699.1 23810.4 15071.7 -
162.1 26142 26011.1 18484.3 22555.5 15028.8 -
162 24743 24518.1 18329.1 21179.6 14990.6 -
161.9 22774 23088.9 18226.5 19819.9 14957.5 -
161.8 21217 21825 18171.1 18583.2 14929.2 -
161.7 20329 20790.1 18159.7 17535.7 14905.3 -
161.6 19619 20010.1 18191.4 16703.6 14884.8 -
161.5 18976 19480.5 18267.6 16080 14867 -
161.4 18813 19178.2 18392.2 15637 14851 -
161.3 18827 19072.8 18572.1 15336.7 14836 -
161.2 18898 19136.3 18816.9 15140.6 14821.2 -
161.1 19613 19348.5 19139.4 15015.3 14806.2 -
161 20061 19699.6 19555.2 14934.9 14790.5 -
160.9 20695 20190.3 20082.7 14881 14773.4 -
160.8 21269 20829.4 20742.7 14841.2 14754.6 -
160.7 22345 21632 21557.4 14808.1 14733.5 -
160.6 23370 22616.7 22549.4 14776.9 14709.5 -
160.5 24924 23802.9 23740.2 14744.7 14682 -
160.4 26091 25208.2 25148.6 14709.9 14650.3 -
160.3 27410 26845.9 26788.5 14671 14613.6 -
160.2 29347 28722.6 28666.7 14627 14571.1 -
160.1 30877 30835.5 30780.7 14576.8 14522 -
160 33105 33170.4 33116.1 14519.6 14465.3 -
159.9 35228 35698.8 35644.6 14454.5 14400.3 -
159.8 37917 38375.9 38321.4 14380.8 14326.3 -
159.7 40612 41137.8 41082.6 14298 14242.7 -
159.6 43415 43898.7 43842.2 14205.7 14149.3 -
159.5 45689 46548.8 46490.7 14104 14045.9 -
159.4 48616 48954.9 48894.7 13993.2 13933 -
159.3 50991 50966.1 50903.1 13874.3 13811.3 -
159.2 52609 52428.1 52361.7 13748.6 13682.2 -
159.1 53746 53208 53137.3 13618.2 13547.6 -
159 53342 53222.2 53146 13485.9 13409.8 -
158.9 52393 52458.6 52374.9 13355.1 13271.4 -
158.8 51595 50980.7 50885.8 13230.2 13135.3 -
158.7 49302 48912.9 48799.6 13117 13003.8 -
158.6 46581 46414.6 46269 13024.6 12879 -
158.5 43670 43655.5 43450.9 12967.1 12762.5 -
158.4 40288 40800.5 40488.5 12967.1 12655.1 -
158.3 37518 38003.8 37501.7 13059.4 12557.3 -
158.2 35073 35410.3 34585.3 13293.8 12468.9 -
158.1 32634 33155.4 31810.7 13734 12389.2 -
158 31586 31362.1 29228.1 14451.1 12317 -
157.9 30178 30128 26869.7 15509.2 12250.9 -
157.8 29698 29506.4 24752.5 16942.7 12188.8 -
157.7 29927 29482.5 22880.3 18730.8 12128.6 -
157.6 30250 29954.5 21246.6 20776.2 12068.3 -
157.5 31045 30729.9 19837.6 22898.4 12006.1 -
157.4 31259 31541.4 18634 24848.4 11941.1 -
157.3 31678 32087.7 17614.1 26346.5 11873 -
157.2 31572 32093.8 16755.5 27141 11802.7 -
157.1 31227 31398.8 16036.5 27094.5 11732.2 -
157 30213 30068.4 15437.1 26295.2 11663.9 -
156.9 27993 28214.3 14939 24875.3 11599.9 -
156.8 26335 26012 14525.7 23028.5 11542.2 -
156.7 23977 23669.2 14183 20978.1 11491.9 -
156.6 21817 21382.3 13898.3 18933.6 11449.6 -
156.5 19425 19306.5 13661 17060.6 11415.1 -
156.4 17658 17539.2 13461.7 15465.2 11387.7 -
156.3 16129 16118.8 13292.9 14192.2 11366.3 -
156.2 15196 15034.3 13148.2 13235.9 11349.8 -
156.1 14287 14242.3 13022.7 12556.6 11337 -
156 13800 13683.9 12912.2 12098.6 11326.9 -
155.9 13245 13299 12813.9 11803.8 11318.7 -
155.8 13090 13035 12725.3 11621.5 11311.8 -
155.7 12823 12850.8 12644.9 11511.8 11305.9 -
155.6 12765 12717.3 12571.2 11446.5 11300.5 -
155.5 12763 12614.9 12503.4 11407 11295.6 -
155.4 12752 12531.6 12440.7 11381.8 11291 -
155.3 12498 12460.4 12382.6 11364.5 11286.7 -
155.2 12447 12397.3 12328.4 11351.5 11282.6 -
155.1 12388 12340.1 12278 11340.9 11278.7 -
155 12489 12287.5 12230.8 11331.7 11275 -
154.9 12263 12238.7 12186.6 11323.6 11271.5 -
154.8 12410 12193.3 12145.2 11316.2 11268.2 -
154.7 12204 12150.9 12106.3 11309.5 11264.9 -
154.6 12297 12111.2 12069.8 11303.2 11261.9 -
154.5 12322 12073.9 12035.3 11297.5 11258.9 -
154.4 12102 12038.9 12002.9 11292.1 11256.1 -
154.3 12243 12006 11972.2 11287.1 11253.4 -
154.2 12184 11974.9 11943.3 11282.4 11250.7 -
154.1 12405 11945.6 11915.8 11278 11248.2 -
154 12200 11918 11889.9 11273.9 11245.8 -
153.9 12117 11891.8 11865.3 11270 11243.5 -
153.8 12176 11867 11841.9 11266.3 11241.2 -
153.7 12096 11843.4 11819.7 11262.8 11239 -
153.6 12305 11821.1 11798.6 11259.5 11236.9 -
153.5 12233 11799.9 11778.4 11256.3 11234.9 -
153.4 11932 11779.7 11759.3 11253.3 11232.9 -
153.3 12037 11760.4 11741 11250.4 11231 -
153.2 11925 11742.1 11723.6 11247.7 11229.2 -
153.1 11902 11724.6 11706.9 11245.1 11227.4 -
153 12212 11707.9 11691 11242.6 11225.7 -
152.9 11894 11691.9 11675.8 11240.2 11224 -
152.8 11864 11676.7 11661.2 11237.9 11222.4 -
152.7 11722 11662.1 11647.2 11235.7 11220.8 -
152.6 11597 11648.1 11633.8 11233.5 11219.3 -
152.5 11682 11634.7 11621 11231.5 11217.8 -
152.4 11815 11621.8 11608.6 11229.5 11216.3 -
152.3 11532 11609.5 11596.8 11227.6 11214.9 -
152.2 11540 11597.6 11585.4 11225.8 11213.6 -
152.1 11623 11586.2 11574.5 11224 11212.2 -
152 11733 11575.3 11563.9 11222.3 11210.9 -
151.9 11376 11564.7 11553.8 11220.6 11209.7 -
151.8 11411 11554.6 11544 11219 11208.4 -
151.7 11509 11544.8 11534.6 11217.5 11207.2 -
151.6 11287 11535.4 11525.5 11216 11206.1 -
151.5 11152 11526.3 11516.7 11214.5 11204.9 -
151.4 11325 11517.6 11508.3 11213.1 11203.8 -
151.3 11078 11509.1 11500.1 11211.7 11202.7 -
151.2 11213 11500.9 11492.2 11210.3 11201.6 -
151.1 11261 11493 11484.6 11209 11200.6 -
151 11102 11485.4 11477.2 11207.8 11199.6 -
150.9 11148 11478 11470.1 11206.5 11198.6 -
150.8 11157 11470.9 11463.2 11205.3 11197.6 -
150.7 11239 11464 11456.5 11204.2 11196.7 -
150.6 11187 11457.3 11450 11203 11195.7 -
150.5 11363 11450.8 11443.7 11201.9 11194.8 -
150.4 10955 11444.5 11437.6 11200.9 11193.9 -
150.3 11244 11438.4 11431.7 11199.8 11193.1 -
150.2 11214 11432.5 11426 11198.8 11192.2 -
150.1 11074 11426.8 11420.4 11197.8 11191.4 -
150 11200 11421.2 11415 11196.8 11190.6 11421.2
