382 36699 34189.8 34189.8 33421.2 33421.2 34189.8
381.9 36602 34203.6 34203.6 33418.3 33418.3 -
381.8 36310 34218 34218 33415.4 33415.4 -
381.7 36410 34232.9 34232.9 33412.3 33412.3 -
381.6 36255 34248.4 34248.4 33409.2 33409.3 -
381.5 36157 34264.4 34264.4 33406.1 33406.1 -
381.4 35972 34281.1 34281.2 33402.9 33402.9 -
381.3 35983 34298.5 34298.5 33399.6 33399.6 -
381.2 35865 34316.6 34316.6 33396.2 33396.2 -
381.1 35785 34335.4 34335.5 33392.7 33392.7 -
381 35671 34355.1 34355.1 33389.2 33389.2 -
380.9 35664 34375.5 34375.5 33385.5 33385.6 -
380.8 35341 34396.8 34396.8 33381.8 33381.8 -
380.7 35675 34419 34419 33378 33378 -
380.6 35117 34442.2 34442.3 33374.1 33374.1 -
380.5 35218 34466.5 34466.5 33370.1 33370.1 -
380.4 35077 34491.8 34491.9 33366 33366 -
380.3 35192 34518.4 34518.4 33361.7 33361.7 -
380.2 34764 34546.1 34546.1 33357.4 33357.4 -
380.1 34615 34575.2 34575.2 33352.9 33352.9 -
380 34500 34605.6 34605.7 33348.3 33348.3 -
379.9 34561 34637.6 34637.6 33343.6 33343.6 -
379.8 34647 34671.2 34671.2 33338.7 33338.7 -
379.7 34646 34706.4 34706.4 33333.7 33333.7 -
379.6 34307 34743.5 34743.5 33328.6 33328.6 -
379.5 34792 34782.6 34782.5 33323.3 33323.2 -
379.4 34400 34823.8 34823.6 33317.9 33317.8 -
379.3 34430 34867.5 34867 33312.6 33312.1 -
379.2 34401 34914 34912.7 33307.5 33306.2 -
379.1 34219 34963.9 34961 33303.1 33300.2 -
379 34510 35018.4 35012.1 33300.2 33293.9 -
378.9 34826 35079.2 35066.2 33300.4 33287.5 -
378.8 34838 35148.9 35123.5 33306.1 33280.7 -
378.7 34863 35231 35184.3 33320.4 33273.7 -
378.6 35184 35330.2 35248.7 33347.8 33266.3 -
378.5 35504 35451.5 35317.2 33392.9 33258.6 -
378.4 35383 35599.5 35389.9 33459.9 33250.3 -
378.3 36054 35776.5 35467.3 33550.7 33241.5 -
378.2 35963 35981.1 35549.5 33663.5 33232 -
378.1 36272 36206.9 35637.1 33791.4 33221.6 -
378 36430 36442.1 35730.6 33922 33210.4 -
377.9 36420 36671.1 35830.5 34038.9 33198.3 -
377.8 36634 36877 35937.5 34124.6 33185.2 -
377.7 36574 37045.8 36052.7 34164.4 33171.3 -
377.6 36877 37170.1 36177 34149.8 33156.8 -
377.5 36848 37251.1 36311.7 34081.1 33141.7 -
377.4 36545 37298.8 36458.1 33966.9 33126.2 -
377.3 36499 37329.4 36617.8 33822.1 33110.5 -
377.2 36434 37362.3 36792.5 33664.5 33094.7 -
377.1 36049 37415.9 36984.3 33510.2 33078.6 -
377 36233 37504.6 37195.4 33371.5 33062.3 -
376.9 36283 37638.5 37429 33255.2 33045.6 -
376.8 36056 37823.1 37688.7 33162.7 33028.4 -
376.7 36364 38061.3 37979.9 33091.8 33010.3 -
376.6 36693 38355.9 38309.2 33038.1 32991.3 -
376.5 37260 38711.5 38686.1 32996.5 32971.2 -
376.4 38179 39136.4 39123.5 32962.6 32949.6 -
376.3 38894 39644.7 39638.4 32932.6 32926.3 -
376.2 40025 40257 40254.1 32903.9 32901.1 -
376.1 40654 41002 41000.8 32874.6 32873.4 -
376 41991 41918.1 41917.6 32843.3 32842.9 -
375.9 43593 43053.4 43053.3 32808.9 32808.7 -
375.8 45622 44467.2 44467.2 32770.3 32770.2 -
375.7 47907 46229 46229 32726.2 32726.2 -
375.6 50018 48417.3 48417.3 32675.5 32675.5 -
375.5 53084 51116.3 51116.3 32616.3 32616.3 -
375.4 56110 54411.4 54411.5 32546.7 32546.7 -
375.3 59623 58382.2 58382.2 32464.5 32464.5 -
375.2 63826 63094 63094 32367.1 32367.1 -
375.1 68781 68588.5 68588.5 32251.6 32251.6 -
375 73713 74873 74873 32114.9 32115 -
374.9 80204 81909.1 81909.1 31954.2 31954.2 -
374.8 86680 89600.9 89601 31766.4 31766.4 -
374.7 95415 97781.4 97781.4 31548.9 31549 -
374.6 103823 106197 106197 31299.9 31300 -
374.5 114176 114490 114491 31018.4 31018.4 -
374.4 122897 122192 122192 30704.5 30704.6 -
374.3 130971 128729 128729 30360.6 30360.6 -
374.2 136437 133486 133486 29990.7 29990.8 -
374.1 137230 135913 135913 29601.6 29601.7 -
374 135026 135395 135395 29202 29202 -
373.9 128745 130027 130027 28802.7 28802.7 -
373.8 120152 120581 120581 28422.2 28422.2 -
373.7 109100 108799 108799 28075.7 28075.7 -
373.6 97050 96284.1 96284.1 27772.2 27772.2 -
373.5 84309 84201.7 84201.6 27514.7 27514.6 -
373.4 73529 73281.5 73281.2 27301.8 27301.5 -
373.3 63890 63906.3 63905.5 27129.4 27128.6 -
373.2 55231 56201 56199.1 26992.3 26990.4 -
373.1 48875 50105.7 50101.4 26884.8 26880.5 -
373 44549 45442.3 45433.2 26802.3 26793.2 -
372.9 40600 41972.7 41954.4 26741.4 26723.1 -
372.8 38455 39447 39412.4 26700.4 26665.8 -
372.7 36428 37636.7 37574.6 26679.9 26617.7 -
372.6 35655 36352.4 36247 26681.6 26576.3 -
372.5 34418 35448.5 35279.6 26708.5 26539.6 -
372.4 34214 34819.7 34563.4 26762.4 26506.1 -
372.3 34104 34391 34023.1 26842.6 26474.8 -
372.2 33602 34108.2 33608.9 26944.4 26445 -
372.1 33583 33929.5 33288.3 27057.4 26416.2 -
372 33404 33819.5 33040.7 27166.8 26388 -
371.9 33705 33747.5 32852.7 27254.9 26360 -
371.8 33771 33688.3 32715.7 27304.9 26332.3 -
371.7 33448 33624 32624 27304.6 26304.6 -
371.6 33494 33546.5 32573.8 27249.7 26277.1 -
371.5 32852 33457.6 32562.8 27144.6 26249.8 -
371.4 32658 33368.1 32589.3 27001.5 26222.7 -
371.3 32114 33294.1 32653 26837 26195.8 -
371.2 32276 33253.2 32753.8 26668.5 26169.1 -
371.1 32011 33260.7 32892.9 26510.3 26142.5 -
371 32019 33328.3 33071.9 26372.1 26115.7 -
370.9 31517 33463 33294 26257.6 26088.6 -
370.8 31898 33669 33563.6 26166.2 26060.9 -
370.7 31689 33949.4 33887.3 26094.4 26032.3 -
370.6 32287 34309 34274.3 26037.2 26002.5 -
370.5 33052 34756 34737.7 25989.5 25971.3 -
370.4 33505 35304.9 35295.8 25947.4 25938.3 -
370.3 34557 35977.6 35973.3 25907.3 25903 -
370.2 36205 36805.9 36804 25867.1 25865.2 -
370.1 38007 37832.9 37832.2 25824.8 25824 -
370 39551 39115.5 39115.2 25779.2 25778.9 -
369.9 42519 40725.3 40725.2 25728.8 25728.7 -
369.8 44726 42749.9 42749.9 25672.4 25672.4 -
369.7 47953 45292.5 45292.5 25608.1 25608.2 -
369.6 51613 48469.8 48469.8 25534.1 25534.1 -
369.5 55870 52407.4 52407.4 25447.9 25447.9 -
369.4 60307 57232.5 57232.6 25346.5 25346.6 -
369.3 65728 63064.6 63064.6 25226.7 25226.7 -
369.2 71481 70002.2 70002.2 25084.4 25084.4 -
369.1 78758 78109 78109 24915.5 24915.6 -
369 86292 87397.9 87397.9 24715.6 24715.6 -
368.9 95627 97814.3 97814.3 24479.9 24479.9 -
368.8 106584 109218 109218 24204.2 24204.2 -
368.7 118632 121364 121364 23884.6 23884.6 -
368.6 131714 133877 133877 23518.1 23518.1 -
368.5 145542 146230 146230 23103.2 23103.2 -
368.4 158993 157727 157727 22640.3 22640.3 -
368.3 169565 167516 167516 22132.4 22132.4 -
368.2 177974 174674 174674 21585.8 21585.8 -
368.1 180381 178375 178375 21010.3 21010.3 -
368 175996 177747 177747 20418.6 20418.6 -
367.9 167658 169919 169919 19827.1 19827.1 -
367.8 153626 155900 155900 19262.9 19262.9 -
367.7 137823 138285 138285 18749.2 18749.2 -
367.6 120069 119491 119491 18299.7 18299.7 -
367.5 103274 101287 101287 17919.3 17919.3 -
367.4 86258 84785.3 84785.4 17605.9 17605.9 -
367.3 71408 70576.1 70576.1 17353.3 17353.3 -
367.2 59370 58857 58857 17153.2 17153.2 -
367.1 49690 49545.8 49545.8 16996.4 16996.4 -
367 42099 42379.1 42379.1 16874 16874.1 -
366.9 36529 36999.5 36999.5 16778.2 16778.2 -
366.8 32679 33028.3 33028.3 16702.1 16702.1 -
366.7 29907 30115.5 30115.5 16640.8 16640.8 -
366.6 27898 27967.9 27967.9 16590.1 16590.1 -
366.5 26097 26358.1 26358.1 16547.3 16547.3 -
366.4 24893 25120.2 25120.2 16510.4 16510.4 -
366.3 24060 24139.5 24139.5 16478.1 16478.1 -
366.2 23120 23339.1 23339.1 16449.3 16449.3 -
366.1 22612 22668.9 22668.9 16423.4 16423.4 -
366 22206 22096.2 22096.2 16399.9 16399.9 -
365.9 21854 21599.4 21599.4 16378.5 16378.5 -
365.8 21037 21163.7 21163.7 16358.8 16358.8 -
365.7 20420 20778.6 20778.6 16340.8 16340.8 -
365.6 20529 20436 20436 16324.1 16324.1 -
365.5 19949 20129.7 20129.7 16308.6 16308.6 -
365.4 19931 19854.6 19854.6 16294.3 16294.3 -
365.3 19774 19606.7 19606.7 16280.9 16280.9 -
365.2 19348 19382.4 19382.4 16268.4 16268.4 -
365.1 19161 19178.8 19178.8 16256.7 16256.7 -
365 18991 18993.4 18993.4 16245.7 16245.7 -
364.9 18777 18824.1 18824.1 16235.4 16235.4 -
364.8 18736 18669.1 18669.1 16225.6 16225.6 -
364.7 18471 18526.7 18526.7 16216.4 16216.4 -
364.6 18526 18395.7 18395.7 16207.7 16207.7 -
364.5 18310 18274.8 18274.8 16199.5 16199.5 -
364.4 18197 18163 18163 16191.7 16191.7 -
364.3 18102 18059.4 18059.4 16184.3 16184.3 -
364.2 17906 17963.2 17963.2 16177.3 16177.3 -
364.1 17917 17873.7 17873.7 16170.5 16170.5 -
364 17931 17790.3 17790.3 16164.1 16164.1 -
363.9 17680 17712.5 17712.5 16158 16158 -
363.8 17942 17639.6 17639.6 16152.2 16152.2 -
363.7 17700 17571.4 17571.4 16146.6 16146.6 -
363.6 17448 17507.4 17507.4 16141.2 16141.2 -
363.5 17670 17447.3 17447.3 16136.1 16136.1 -
363.4 17484 17390.7 17390.7 16131.2 16131.2 -
363.3 17632 17337.4 17337.4 16126.4 16126.4 -
363.2 17402 17287.1 17287.1 16121.9 16121.9 -
363.1 17393 17239.6 17239.6 16117.5 16117.5 -
363 17565 17194.7 17194.7 16113.3 16113.3 -
362.9 17545 17152.2 17152.2 16109.2 16109.2 -
362.8 17341 17111.9 17111.9 16105.3 16105.3 -
362.7 17304 17073.6 17073.6 16101.5 16101.5 -
362.6 17549 17037.3 17037.3 16097.9 16097.9 -
362.5 17242 17002.8 17002.8 16094.3 16094.3 -
362.4 17416 16969.9 16969.9 16090.9 16090.9 -
362.3 17435 16938.6 16938.6 16087.6 16087.6 -
362.2 17265 16908.8 16908.8 16084.4 16084.4 -
362.1 17275 16880.4 16880.4 16081.3 16081.3 -
362 17154 16853.2 16853.2 16078.3 16078.3 16853.2
