294 11085 11026.7 11026.7 11026.7 11026.7 11026.7 11026.7 11026.7
293.9 11198 11026.7 11026.7 11026.7 11026.7 11026.7 11026.7 -
293.8 10985 11026.7 11026.7 11026.7 11026.7 11026.7 11026.7 -
293.7 11039 11026.7 11026.7 11026.7 11026.7 11026.7 11026.7 -
293.6 11007 11026.7 11026.7 11026.7 11026.7 11026.7 11026.7 -
293.5 11196 11026.7 11026.7 11026.7 11026.7 11026.7 11026.7 -
293.4 11134 11026.7 11026.7 11026.7 11026.7 11026.7 11026.7 -
293.3 11231 11026.7 11026.7 11026.7 11026.7 11026.7 11026.7 -
293.2 10997 11026.7 11026.7 11026.7 11026.7 11026.7 11026.7 -
293.1 11187 11026.7 11026.7 11026.7 11026.7 11026.7 11026.7 -
293 11277 11026.7 11026.7 11026.7 11026.7 11026.7 11026.7 -
292.9 10971 11026.7 11026.7 11026.7 11026.7 11026.7 11026.7 -
292.8 11252 11026.8 11026.7 11026.7 11026.7 11026.8 11026.7 -
292.7 11041 11026.8 11026.7 11026.7 11026.7 11026.8 11026.7 -
292.6 10991 11026.9 11026.7 11026.7 11026.7 11026.9 11026.7 -
292.5 10986 11027 11026.7 11026.7 11026.7 11027 11026.7 -
292.4 11043 11027.2 11026.7 11026.7 11026.7 11027.2 11026.7 -
292.3 11006 11027.4 11026.7 11026.7 11026.7 11027.4 11026.7 -
292.2 11070 11027.7 11026.7 11026.7 11026.7 11027.7 11026.7 -
292.1 11067 11028.1 11026.7 11026.7 11026.7 11028.1 11026.7 -
292 11044 11028.8 11026.7 11026.7 11026.7 11028.8 11026.7 -
291.9 11174 11029.6 11026.7 11026.7 11026.7 11029.6 11026.7 -
291.8 11109 11030.8 11026.7 11026.7 11026.7 11030.8 11026.7 -
291.7 10991 11032.3 11026.7 11026.7 11026.7 11032.3 11026.7 -
291.6 11115 11034.3 11026.7 11026.7 11026.7 11034.3 11026.7 -
291.5 10948 11037 11026.6 11026.6 11026.6 11037 11026.6 -
291.4 11001 11040.5 11026.6 11026.6 11026.6 11040.5 11026.6 -
291.3 11008 11044.9 11026.6 11026.6 11026.6 11044.9 11026.6 -
291.2 11037 11050.5 11026.6 11026.6 11026.6 11050.5 11026.6 -
291.1 11187 11057.5 11026.6 11026.6 11026.6 11057.5 11026.6 -
291 11088 11066.1 11026.5 11026.5 11026.5 11066.1 11026.5 -
290.9 11108 11076.7 11026.5 11026.5 11026.5 11076.7 11026.5 -
290.8 11154 11089.3 11026.4 11026.4 11026.4 11089.3 11026.4 -
290.7 11142 11104.4 11026.3 11026.3 11026.3 11104.4 11026.3 -
290.6 11303 11122.1 11026.2 11026.2 11026.2 11122 11026.2 -
290.5 11303 11142.6 11026.1 11026.1 11026.1 11142.5 11026.1 -
290.4 11202 11166 11025.9 11025.9 11026 11165.9 11025.9 -
290.3 11208 11192.4 11025.7 11025.7 11025.9 11192.3 11025.7 -
290.2 11255 11221.9 11025.5 11025.5 11025.9 11221.6 11025.5 -
290.1 11336 11254.3 11025.2 11025.2 11025.9 11253.6 11025.2 -
290 11327 11289.4 11024.9 11024.9 11026.1 11288.2 11024.9 -
289.9 11270 11326.9 11024.6 11024.6 11026.5 11325 11024.6 -
289.8 11435 11366.6 11024.2 11024.2 11027.5 11363.3 11024.2 -
289.7 11484 11408.1 11023.7 11023.7 11029.2 11402.6 11023.7 -
289.6 11512 11451 11023.2 11023.2 11032.1 11442.1 11023.2 -
289.5 11498 11495 11022.6 11022.7 11036.6 11480.9 11022.6 -
289.4 11601 11539.8 11022 11022.1 11043.5 11518.1 11022 -
289.3 11684 11585.4 11021.3 11021.5 11053.6 11552.8 11021.3 -
289.2 11724 11631.8 11020.5 11020.9 11067.8 11584.1 11020.5 -
289.1 11598 11679.2 11019.7 11020.4 11087.3 11611 11019.7 -
289 11664 11728 11018.8 11020 11113 11632.7 11018.8 -
288.9 11718 11778.7 11017.9 11019.9 11146 11648.5 11017.9 -
288.8 11741 11831.5 11016.9 11020.2 11187 11658 11016.9 -
288.7 11875 11886.7 11015.8 11021.3 11236.1 11660.8 11015.8 -
288.6 12005 11944.2 11014.6 11023.4 11293.2 11656.8 11014.6 -
288.5 11996 12003.6 11013.4 11027.2 11357 11646.1 11013.4 -
288.4 11939 12064 11012.2 11033.3 11425.7 11628.9 11012 -
288.3 12051 12124.2 11010.9 11042.9 11496.5 11605.8 11010.6 -
288.2 12184 12182.6 11009.6 11057 11566.1 11577.4 11009.1 -
288.1 12262 12237.9 11008.3 11077.2 11630.6 11544.5 11007.6 -
288 12142 12288.7 11007.2 11105.3 11686 11507.9 11005.9 -
287.9 12208 12334.5 11006.4 11143.4 11728.5 11468.6 11004.2 -
287.8 12417 12375.7 11006.2 11193.8 11755.3 11427.6 11002.4 -
287.7 12273 12413.8 11006.9 11258.5 11764.2 11385.8 11000.6 -
287.6 12443 12451.5 11009 11339.9 11754.5 11344.1 10998.7 -
287.5 12575 12492.5 11013.3 11439.4 11726.8 11303.2 10996.7 -
287.4 12615 12541.6 11020.9 11558.1 11682.8 11263.8 10994.7 -
287.3 12660 12603.6 11033.4 11696.1 11625.5 11226.4 10992.6 -
287.2 12894 12683.5 11052.7 11852.2 11558.5 11191.5 10990.5 -
287.1 12907 12785.8 11081.8 12023.7 11485.6 11159.3 10988.2 -
287 13002 12914 11124.2 12206.4 11410.9 11129.8 10985.8 -
286.9 13249 13070.6 11184.5 12394.8 11337.8 11103.2 10983.2 -
286.8 13141 13257.2 11268.3 12581.8 11269 11079.3 10980.4 -
286.7 13386 13474.4 11382.3 12759.6 11206.5 11058.1 10977.3 -
286.6 13724 13722.9 11534.3 12919.8 11151.6 11039.2 10974 -
286.5 14011 14003.3 11732.9 13054.4 11104.6 11022.4 10970.3 -
286.4 14223 14317 11986.9 13156 11065.3 11007.4 10966.2 -
286.3 14571 14666.2 12305.5 13218.9 11033.1 10994 10961.7 -
286.2 15077 15054.1 12696.7 13239.1 11006.9 10981.7 10956.8 -
286.1 15453 15484.7 13167.1 13215.3 10985.7 10970.4 10951.3 -
286 16111 15961.5 13720.8 13148.5 10968.2 10959.7 10945.2 -
285.9 16847 16487.2 14358 13041.8 10953.5 10949.4 10938.5 -
285.8 16952 17062.1 15074.5 12900.9 10940.6 10939.1 10931 -
285.7 17689 17682.7 15861.1 12732.6 10928.8 10928.7 10922.8 -
285.6 18284 18341.5 16702.4 12544.9 10917.4 10918.1 10913.7 -
285.5 18704 19025.1 17577.6 12346 10905.9 10906.9 10903.8 -
285.4 19723 19715.1 18460.7 12143.9 10894.1 10895.1 10892.9 -
285.3 20045 20388.2 19321.5 11945.5 10881.7 10882.6 10881 -
285.2 20733 21017.2 20127.1 11756.9 10868.7 10869.4 10868.3 -
285.1 21625 21572.8 20844.2 11582.4 10854.9 10855.4 10854.7 -
285 21888 22026.1 21440.9 11424.9 10840.4 10840.8 10840.3 -
284.9 22343 22350.4 21889.3 11286 10825.4 10825.6 10825.3 -
284.8 22281 22524.1 22167.6 11166 10809.9 10810.1 10809.8 -
284.7 22800 22532 22261.7 11064.3 10794.1 10794.3 10794.1 -
284.6 22459 22367.5 22166.4 10979.4 10778.4 10778.5 10778.4 -
284.5 22166 22032.6 21885.8 10909.6 10762.8 10762.9 10762.8 -
284.4 21832 21538.2 21433.1 10852.8 10747.7 10747.8 10747.7 -
284.3 20879 20903.2 20829.4 10807 10733.3 10733.3 10733.3 -
284.2 20386 20153 20102.2 10770.5 10719.6 10719.6 10719.6 -
284.1 19340 19317.3 19282.9 10741.3 10707 10707 10707 -
284 18514 18428 18405.2 10718.2 10695.4 10695.4 10695.4 -
283.9 17554 17517 17502.1 10699.9 10685 10685 10685 -
283.8 16598 16613.9 16604.5 10685.3 10675.9 10675.9 10675.9 -
283.7 15711 15744.9 15739 10673.8 10667.9 10667.9 10667.9 -
283.6 14898 14931 14927.4 10664.7 10661.1 10661.1 10661.1 -
283.5 14181 14187.8 14185.6 10657.6 10655.4 10655.4 10655.4 -
283.4 13427 13525 13523.7 10651.9 10650.6 10650.6 10650.6 -
283.3 12706 12947.3 12946.5 10647.5 10646.8 10646.8 10646.8 -
283.2 12442 12454.7 12454.3 10644.1 10643.7 10643.7 10643.7 -
283.1 12008 12043.5 12043.3 10641.5 10641.3 10641.3 10641.3 -
283 11742 11707.3 11707.2 10639.5 10639.4 10639.4 10639.4 -
282.9 11403 11437.9 11437.8 10638 10637.9 10637.9 10637.9 -
282.8 11419 11226.2 11226.2 10636.9 10636.9 10636.9 10636.9 -
282.7 11376 11063.1 11063.1 10636.1 10636.1 10636.1 10636.1 -
282.6 11179 10939.9 10939.9 10635.5 10635.5 10635.5 10635.5 -
282.5 11070 10848.5 10848.5 10635.1 10635.1 10635.1 10635.1 -
282.4 10919 10781.9 10781.9 10634.8 10634.8 10634.8 10634.8 -
282.3 11001 10734.4 10734.4 10634.6 10634.6 10634.6 10634.6 -
282.2 10847 10701 10701 10634.5 10634.5 10634.5 10634.5 -
282.1 10649 10678 10678 10634.4 10634.4 10634.4 10634.4 -
282 10703 10662.5 10662.5 10634.3 10634.3 10634.3 10634.3 -
281.9 10856 10652.2 10652.2 10634.3 10634.3 10634.3 10634.3 -
281.8 10657 10645.4 10645.4 10634.3 10634.3 10634.3 10634.3 -
281.7 10720 10641.1 10641.1 10634.3 10634.3 10634.3 10634.3 -
281.6 10776 10638.4 10638.4 10634.3 10634.3 10634.3 10634.3 -
281.5 10841 10636.7 10636.7 10634.2 10634.2 10634.2 10634.2 -
281.4 10809 10635.7 10635.7 10634.2 10634.2 10634.2 10634.2 -
281.3 10798 10635.1 10635.1 10634.2 10634.2 10634.2 10634.2 -
281.2 10647 10634.7 10634.7 10634.2 10634.2 10634.2 10634.2 -
281.1 10627 10634.5 10634.5 10634.2 10634.2 10634.2 10634.2 -
281 10655 10634.4 10634.4 10634.2 10634.2 10634.2 10634.2 -
280.9 10814 10634.3 10634.3 10634.2 10634.2 10634.2 10634.2 -
280.8 10658 10634.3 10634.3 10634.2 10634.2 10634.2 10634.2 -
280.7 10597 10634.3 10634.3 10634.2 10634.2 10634.2 10634.2 -
280.6 10593 10634.2 10634.2 10634.2 10634.2 10634.2 10634.2 -
280.5 10609 10634.2 10634.2 10634.2 10634.2 10634.2 10634.2 -
280.4 10615 10634.2 10634.2 10634.2 10634.2 10634.2 10634.2 -
280.3 10627 10634.2 10634.2 10634.2 10634.2 10634.2 10634.2 -
280.2 10424 10634.2 10634.2 10634.2 10634.2 10634.2 10634.2 -
280.1 10792 10634.2 10634.2 10634.2 10634.2 10634.2 10634.2 -
280 10669 10634.2 10634.2 10634.2 10634.2 10634.2 10634.2 -
279.9 10817 10634.2 10634.2 10634.2 10634.2 10634.2 10634.2 -
279.8 10562 10634.2 10634.2 10634.2 10634.2 10634.2 10634.2 -
279.7 10672 10634.2 10634.2 10634.2 10634.2 10634.2 10634.2 -
279.6 10455 10634.2 10634.2 10634.2 10634.2 10634.2 10634.2 -
279.5 10572 10634.2 10634.2 10634.2 10634.2 10634.2 10634.2 -
279.4 10498 10634.2 10634.2 10634.2 10634.2 10634.2 10634.2 -
279.3 10720 10634.2 10634.2 10634.2 10634.2 10634.2 10634.2 -
279.2 10608 10634.2 10634.2 10634.2 10634.2 10634.2 10634.2 -
279.1 10659 10634.2 10634.2 10634.2 10634.2 10634.2 10634.2 -
279 10594 10634.2 10634.2 10634.2 10634.2 10634.2 10634.2 -
278.9 10830 10634.2 10634.2 10634.2 10634.2 10634.2 10634.2 -
278.8 10527 10634.2 10634.2 10634.2 10634.2 10634.2 10634.2 -
278.7 10749 10634.2 10634.2 10634.2 10634.2 10634.2 10634.2 -
278.6 10610 10634.2 10634.2 10634.2 10634.2 10634.2 10634.2 -
278.5 10671 10634.2 10634.2 10634.2 10634.2 10634.2 10634.2 -
278.4 10721 10634.2 10634.2 10634.2 10634.2 10634.2 10634.2 -
278.3 10636 10634.2 10634.2 10634.2 10634.2 10634.2 10634.2 -
278.2 10560 10634.2 10634.2 10634.2 10634.2 10634.2 10634.2 -
278.1 10652 10634.2 10634.2 10634.2 10634.2 10634.2 10634.2 -
278 10534 10634.2 10634.2 10634.2 10634.2 10634.2 10634.2 10634.2
