544 26888 27196.4 27196.4 27196.4 27196.4 27196.4 27196.4
543.9 26646 27196.4 27196.4 27196.4 27196.4 27196.4 -
543.8 26523 27196.4 27196.4 27196.4 27196.4 27196.4 -
543.7 26622 27196.4 27196.4 27196.4 27196.4 27196.4 -
543.6 26586 27196.4 27196.4 27196.4 27196.4 27196.4 -
543.5 26713 27196.4 27196.4 27196.4 27196.4 27196.4 -
543.4 26590 27196.4 27196.4 27196.4 27196.4 27196.4 -
543.3 26548 27196.4 27196.4 27196.4 27196.4 27196.4 -
543.2 26340 27196.4 27196.4 27196.4 27196.4 27196.4 -
543.1 26556 27196.4 27196.4 27196.4 27196.4 27196.4 -
543 26397 27196.4 27196.4 27196.4 27196.4 27196.4 -
542.9 26448 27196.4 27196.4 27196.4 27196.4 27196.4 -
542.8 26603 27196.4 27196.4 27196.4 27196.4 27196.4 -
542.7 26746 27196.4 27196.4 27196.4 27196.4 27196.4 -
542.6 26446 27196.4 27196.4 27196.4 27196.4 27196.4 -
542.5 26467 27196.4 27196.4 27196.4 27196.4 27196.4 -
542.4 26634 27196.4 27196.4 27196.4 27196.4 27196.4 -
542.3 26510 27196.4 27196.4 27196.4 27196.4 27196.4 -
542.2 26704 27196.4 27196.4 27196.4 27196.4 27196.4 -
542.1 26558 27196.4 27196.4 27196.4 27196.4 27196.4 -
542 26333 27196.4 27196.4 27196.4 27196.4 27196.4 -
541.9 26411 27196.4 27196.4 27196.4 27196.4 27196.4 -
541.8 26503 27196.4 27196.4 27196.4 27196.4 27196.4 -
541.7 26757 27196.4 27196.4 27196.4 27196.4 27196.4 -
541.6 26733 27196.4 27196.4 27196.4 27196.4 27196.4 -
541.5 26580 27196.4 27196.4 27196.4 27196.4 27196.4 -
541.4 26577 27196.5 27196.4 27196.4 27196.5 27196.4 -
541.3 26655 27196.5 27196.4 27196.4 27196.5 27196.4 -
541.2 26817 27196.7 27196.4 27196.4 27196.7 27196.4 -
541.1 26933 27196.9 27196.4 27196.4 27196.9 27196.4 -
541 26656 27197.3 27196.4 27196.4 27197.3 27196.4 -
540.9 26679 27197.9 27196.4 27196.4 27197.9 27196.4 -
540.8 26986 27198.9 27196.4 27196.4 27198.9 27196.4 -
540.7 27098 27200.6 27196.4 27196.4 27200.6 27196.4 -
540.6 26803 27203.1 27196.3 27196.3 27203.1 27196.3 -
540.5 26804 27206.9 27196.3 27196.3 27206.9 27196.3 -
540.4 26917 27212.5 27196.3 27196.3 27212.5 27196.3 -
540.3 27114 27220.5 27196.2 27196.2 27220.5 27196.2 -
540.2 26860 27231.6 27196.1 27196.1 27231.6 27196.1 -
540.1 27169 27246.5 27196 27196 27246.5 27196 -
540 27582 27266.1 27195.8 27195.8 27266.1 27195.8 -
539.9 27124 27291.1 27195.6 27195.6 27291.1 27195.6 -
539.8 27412 27321.9 27195.3 27195.3 27321.9 27195.3 -
539.7 27295 27358.9 27194.8 27194.8 27358.9 27194.8 -
539.6 27382 27401.8 27194.2 27194.2 27401.8 27194.2 -
539.5 27392 27449.9 27193.5 27193.5 27449.9 27193.5 -
539.4 27622 27501.8 27192.6 27192.6 27501.8 27192.6 -
539.3 27468 27555.6 27191.5 27191.5 27555.6 27191.5 -
539.2 27808 27608.8 27190.2 27190.2 27608.8 27190.2 -
539.1 27957 27658.6 27188.7 27188.7 27658.6 27188.7 -
539 27760 27702.1 27187.1 27187.1 27702.1 27187.1 -
538.9 27632 27736.5 27185.3 27185.3 27736.5 27185.3 -
538.8 27860 27759.4 27183.3 27183.3 27759.4 27183.3 -
538.7 27606 27769 27181.3 27181.3 27769 27181.3 -
538.6 27716 27764.8 27179.2 27179.2 27764.8 27179.2 -
538.5 27889 27746.7 27177.1 27177.1 27746.7 27177.1 -
538.4 27547 27716.1 27175.1 27175.1 27716.1 27175.1 -
538.3 27477 27675 27173.2 27173.2 27675 27173.2 -
538.2 27567 27625.8 27171.5 27171.5 27625.8 27171.5 -
538.1 27605 27571.5 27169.9 27169.9 27571.5 27169.9 -
538 27605 27515.2 27168.4 27168.4 27515.2 27168.4 -
537.9 27534 27459.5 27167.2 27167.2 27459.5 27167.2 -
537.8 27519 27406.8 27166.2 27166.2 27406.8 27166.2 -
537.7 27489 27358.7 27165.3 27165.3 27358.7 27165.3 -
537.6 27347 27316.4 27164.7 27164.7 27316.4 27164.7 -
537.5 27221 27280.3 27164.1 27164.1 27280.3 27164.1 -
537.4 27448 27250.7 27163.7 27163.7 27250.7 27163.7 -
537.3 27209 27226.9 27163.4 27163.4 27226.9 27163.4 -
537.2 27341 27208.5 27163.2 27163.2 27208.5 27163.2 -
537.1 27208 27194.6 27163 27163 27194.6 27163 -
537 27330 27184.4 27162.9 27163 27184.4 27162.9 -
536.9 27046 27177.1 27162.8 27162.9 27177.1 27162.8 -
536.8 26783 27172.1 27162.8 27162.9 27172 27162.8 -
536.7 27123 27168.8 27162.7 27163 27168.6 27162.7 -
536.6 26994 27166.7 27162.7 27163.1 27166.3 27162.7 -
536.5 26969 27165.4 27162.7 27163.2 27164.9 27162.7 -
536.4 27503 27164.8 27162.7 27163.5 27164 27162.7 -
536.3 26907 27164.7 27162.7 27163.9 27163.4 27162.7 -
536.2 27014 27165 27162.7 27164.6 27163.1 27162.7 -
536.1 27244 27165.7 27162.7 27165.5 27162.9 27162.7 -
536 26896 27167 27162.7 27166.9 27162.8 27162.7 -
535.9 27448 27168.9 27162.7 27168.8 27162.7 27162.7 -
535.8 27138 27171.6 27162.6 27171.6 27162.7 27162.6 -
535.7 27012 27175.5 27162.6 27175.5 27162.6 27162.6 -
535.6 27360 27180.9 27162.6 27180.9 27162.6 27162.6 -
535.5 26979 27188.3 27162.5 27188.3 27162.5 27162.5 -
535.4 27158 27198.4 27162.4 27198.4 27162.4 27162.4 -
535.3 27370 27211.9 27162.3 27211.9 27162.3 27162.3 -
535.2 27292 27229.8 27162.1 27229.8 27162.1 27162.1 -
535.1 27683 27253.3 27161.9 27253.3 27161.9 27161.9 -
535 27193 27283.8 27161.6 27283.7 27161.5 27161.5 -
534.9 27355 27322.7 27161.2 27322.7 27161.1 27161.1 -
534.8 27379 27372.1 27160.7 27372 27160.5 27160.5 -
534.7 27606 27433.8 27160 27433.6 27159.8 27159.8 -
534.6 27863 27510 27159.1 27509.7 27158.8 27158.8 -
534.5 27836 27603 27158.1 27602.5 27157.6 27157.6 -
534.4 27973 27715.1 27156.8 27714.3 27156 27156 -
534.3 27918 27848.6 27155.3 27847.4 27154 27154 -
534.2 28402 28005.5 27153.4 28003.7 27151.6 27151.6 -
534.1 28526 28187.6 27151.3 28184.8 27148.6 27148.6 -
534 28822 28396.1 27149 28391.9 27144.9 27144.9 -
533.9 28802 28631.6 27146.6 28625.6 27140.5 27140.5 -
533.8 29057 28894.2 27144.1 28885.4 27135.2 27135.2 -
533.7 29543 29182.8 27141.8 29170 27129 27129 -
533.6 29947 29495.4 27140 29477.2 27121.8 27121.8 -
533.5 30003 29829.1 27139.1 29803.4 27113.4 27113.4 -
533.4 30146 30179.7 27139.7 30143.9 27103.8 27103.8 -
533.3 30671 30542.4 27142.6 30492.8 27093 27093 -
533.2 30637 30911.3 27148.7 30843.4 27080.8 27080.8 -
533.1 31092 31279.9 27159.2 31188 27067.3 27067.3 -
533 31862 31641.4 27175.5 31518.3 27052.4 27052.4 -
532.9 31917 31988.9 27199.4 31825.8 27036.2 27036.2 -
532.8 32476 32316 27232.9 32101.9 27018.8 27018.8 -
532.7 32228 32616.5 27278 32338.6 27000.1 27000.1 -
532.6 32597 32885.6 27337.4 32528.5 26980.3 26980.3 -
532.5 33073 33119.6 27413.4 32665.6 26959.4 26959.4 -
532.4 33340 33316.4 27508.9 32745.2 26937.7 26937.7 -
532.3 33309 33475.3 27626.3 32764.2 26915.2 26915.2 -
532.2 33702 33597.6 27768.1 32721.5 26892.1 26892.1 -
532.1 33566 33685.9 27936.5 32617.8 26868.4 26868.4 -
532 33879 33744.4 28133 32455.8 26844.4 26844.4 -
531.9 33619 33778.2 28358.5 32239.7 26820 26820 -
531.8 33755 33793.1 28613.2 31975.4 26795.5 26795.5 -
531.7 33903 33795.1 28896 31669.9 26770.8 26770.8 -
531.6 34085 33790.2 29204.8 31331.4 26746 26746 -
531.5 33909 33783.2 29536.3 30968.1 26721.2 26721.2 -
531.4 33748 33778.3 29885.7 30588.8 26696.2 26696.2 -
531.3 33845 33777.8 30247.3 30201.8 26671.3 26671.3 -
531.2 33675 33782.6 30613.8 29815 26646.2 26646.2 -
531.1 33729 33791.7 30977.2 29435.6 26621 26621 -
531 33965 33802.5 31328.7 29069.5 26595.7 26595.7 -
530.9 33748 33810.8 31659.1 28722 26570.3 26570.3 -
530.8 33662 33811.1 31959.1 28396.8 26544.7 26544.7 -
530.7 33473 33797.3 32219.8 28096.6 26519.1 26519.1 -
530.6 33410 33762.7 32433.1 27823 26493.4 26493.4 -
530.5 33721 33700.9 32591.9 27576.8 26467.8 26467.8 -
530.4 33365 33606.2 32690.8 27357.7 26442.3 26442.3 -
530.3 32898 33473.8 32726.1 27164.7 26417 26417 -
530.2 33184 33300.2 32695.9 26996.5 26392.1 26392.1 -
530.1 32948 33084 32600.6 26851.2 26367.7 26367.7 -
530 32841 32825.2 32442.6 26726.7 26344 26344 -
529.9 32612 32525.8 32226.1 26620.9 26321.2 26321.2 -
529.8 32194 32189.5 31957.2 26531.6 26299.3 26299.3 -
529.7 32252 31821.4 31643.2 26456.7 26278.5 26278.5 -
529.6 31339 31427.9 31292.7 26394.2 26259 26259 -
529.5 31561 31016.2 30914.6 26342.3 26240.7 26240.7 -
529.4 31038 30594 30518.5 26299.4 26223.9 26223.9 -
529.3 30621 30169 30113.4 26264 26208.5 26208.5 -
529.2 30074 29748.6 29708.2 26234.9 26194.5 26194.5 -
529.1 29488 29339.7 29310.6 26211.1 26182 26182 -
529 29233 28948.4 28927.6 26191.6 26170.8 26170.8 -
528.9 28726 28579.5 28564.8 26175.7 26161 26161 -
528.8 28254 28236.9 28226.7 26162.7 26152.5 26152.5 -
528.7 27699 27923.3 27916.3 26152.2 26145.1 26145.1 -
528.6 27929 27640.3 27635.4 26143.7 26138.9 26138.9 -
528.5 27202 27388.2 27385 26136.8 26133.6 26133.6 -
528.4 27184 27166.8 27164.6 26131.3 26129.1 26129.1 -
528.3 26954 26974.8 26973.4 26126.9 26125.5 26125.5 -
528.2 26628 26810.5 26809.6 26123.4 26122.5 26122.5 -
528.1 26531 26671.6 26671 26120.7 26120 26120 -
528 26136 26555.7 26555.3 26118.5 26118.1 26118.1 -
527.9 26222 26460.1 26459.9 26116.8 26116.6 26116.6 -
527.8 26200 26382.3 26382.1 26115.5 26115.3 26115.3 -
527.7 26136 26319.6 26319.5 26114.5 26114.4 26114.4 -
527.6 26195 26269.8 26269.8 26113.7 26113.7 26113.7 -
527.5 26125 26230.7 26230.7 26113.2 26113.1 26113.1 -
527.4 26257 26200.3 26200.3 26112.7 26112.7 26112.7 -
527.3 25764 26177 26177 26112.4 26112.4 26112.4 -
527.2 26073 26159.3 26159.3 26112.2 26112.2 26112.2 -
527.1 26036 26146.1 26146 26112 26112 26112 -
527 26090 26136.2 26136.2 26111.9 26111.9 26111.9 -
526.9 25959 26129 26129 26111.8 26111.8 26111.8 -
526.8 26267 26123.8 26123.8 26111.7 26111.7 26111.7 -
526.7 25934 26120 26120 26111.7 26111.7 26111.7 -
526.6 26114 26117.4 26117.4 26111.7 26111.7 26111.7 -
526.5 26154 26115.5 26115.5 26111.7 26111.7 26111.7 -
526.4 26044 26114.2 26114.2 26111.6 26111.6 26111.6 -
526.3 26137 26113.4 26113.4 26111.6 26111.6 26111.6 -
526.2 26121 26112.8 26112.8 26111.6 26111.6 26111.6 -
526.1 26119 26112.4 26112.4 26111.6 26111.6 26111.6 -
526 26182 26112.1 26112.1 26111.6 26111.6 26111.6 -
525.9 26025 26111.9 26111.9 26111.6 26111.6 26111.6 -
525.8 26012 26111.8 26111.8 26111.6 26111.6 26111.6 -
525.7 25894 26111.7 26111.7 26111.6 26111.6 26111.6 -
525.6 26045 26111.7 26111.7 26111.6 26111.6 26111.6 -
525.5 26060 26111.7 26111.7 26111.6 26111.6 26111.6 -
525.4 26326 26111.6 26111.6 26111.6 26111.6 26111.6 -
525.3 26380 26111.6 26111.6 26111.6 26111.6 26111.6 -
525.2 26373 26111.6 26111.6 26111.6 26111.6 26111.6 -
525.1 26136 26111.6 26111.6 26111.6 26111.6 26111.6 -
525 26337 26111.6 26111.6 26111.6 26111.6 26111.6 -
524.9 26294 26111.6 26111.6 26111.6 26111.6 26111.6 -
524.8 26104 26111.6 26111.6 26111.6 26111.6 26111.6 -
524.7 26362 26111.6 26111.6 26111.6 26111.6 26111.6 -
524.6 26320 26111.6 26111.6 26111.6 26111.6 26111.6 -
524.5 26101 26111.6 26111.6 26111.6 26111.6 26111.6 -
524.4 26281 26111.6 26111.6 26111.6 26111.6 26111.6 -
524.3 26158 26111.6 26111.6 26111.6 26111.6 26111.6 -
524.2 26105 26111.6 26111.6 26111.6 26111.6 26111.6 -
524.1 26253 26111.6 26111.6 26111.6 26111.6 26111.6 -
524 25957 26111.6 26111.6 26111.6 26111.6 26111.6 26111.6
